5.1000 0.0000 0.0000
10.2000 0.0000 0.0000
15.3000 0.0000 0.0000
20.3000 0.0000 0.0000
25.3000 0.0000 0.0000
30.3000 0.0000 0.0000
35.3000 0.1751 0.0368
40.3000 0.1751 0.0368
45.3000 0.1751 0.0368
50.3000 0.1751 0.0368
55.3000 0.1751 0.0368
60.3000 0.3798 0.0864
65.4000 0.3798 0.0864
70.5000 0.3798 0.0864
75.6000 0.3798 0.0864
80.7000 0.7301 0.1567
85.8000 0.9340 0.2036
90.9000 1.1092 0.2372
96.0000 1.1092 0.2372
101.1000 1.2843 0.2701
106.2000 1.8096 0.3651
111.3000 1.9847 0.3956
116.4000 2.2759 0.4858
121.5000 3.0356 0.6211
126.6000 3.0356 0.6211
131.7000 3.0356 0.6211
136.8000 3.3858 0.6728
141.9000 3.5905 0.7092
147.0000 3.9915 0.8593
152.1000 5.0416 1.0423
157.2000 5.0416 1.0423
162.3000 6.1811 1.1779
167.4000 7.3177 1.3542
172.5000 8.3830 1.7319
177.6000 9.5118 1.9391
182.7000 10.4476 2.0226
187.8000 11.2521 2.0451
192.9000 12.7420 2.0809
198.0000 13.2379 2.1054
203.1000 14.6010 2.5588
208.2000 16.1597 2.8655
213.3000 16.5599 3.1949
218.4000 16.5599 3.1949
223.5000 16.8511 3.2002
228.6000 18.6645 3.4206
233.7000 21.2390 4.0590
238.8000 22.3018 4.4346
243.9000 23.7751 4.4980
249.0000 27.5477 4.8849
254.1000 29.3091 5.5107
259.1000 31.0068 5.7563
264.1000 32.7629 6.3343
269.1000 34.7141 6.3353
274.1000 36.0416 6.7171
279.1000 37.7093 6.6640
284.1000 38.8328 7.2648
289.1000 39.4063 7.4253
294.1000 40.0467 7.6841
299.1000 41.1502 7.5262
304.1000 41.8983 7.6072
309.1000 42.3942 7.3425
314.1000 43.3097 7.3386
319.1000 43.7091 7.6393
324.1000 43.8283 7.7182
329.1000 44.8591 7.5794
334.1000 46.0806 7.8470
339.1000 47.1671 7.4972
344.1000 48.0490 7.7732
349.1000 48.4374 7.9482
354.1000 49.0583 7.8840
359.1000 49.5857 7.9928
364.1000 50.1435 7.5249
369.1000 50.3676 7.4341
374.1000 50.8363 7.5150
379.1000 50.9825 7.2087
384.1000 51.7982 7.4461
389.1000 53.0416 7.7610
394.1000 53.2378 7.7866
399.1000 53.8449 7.7119
404.1000 55.1815 7.5568
409.1000 55.3191 7.2905
414.1000 57.2902 7.3285
419.1000 57.4462 7.2718
424.1000 57.6419 7.3361
429.1000 57.9114 7.2219
434.1000 58.5754 7.0219
439.1000 58.8217 6.7399
444.1000 60.0267 6.9544
449.1000 60.4499 6.7424
454.1000 61.3418 6.7313
459.1000 61.6118 6.5329
464.1000 61.5242 6.3708
469.1000 64.8285 5.9842
474.1000 65.1866 5.5500
479.1000 66.5288 5.3100
484.1000 67.3387 5.3480
489.1000 67.9356 5.0500
494.1000 67.8783 5.0473
499.1000 69.0072 4.6284
504.1000 69.6672 4.5986
509.1000 70.4554 4.5740
514.1000 71.8633 4.1778
519.1000 71.9760 4.1047
524.1000 72.3472 4.0149
529.1000 72.5319 3.8781
534.1000 72.5299 3.8603
539.1000 73.8672 3.7476
544.1000 73.4198 3.7334
549.1000 74.9938 3.6902
554.1000 76.4186 3.4915
559.1000 77.1969 3.0761
564.1000 77.3088 3.0409
569.1000 77.5178 3.0544
574.1000 76.6909 2.9391
579.1000 77.7714 2.9260
584.1000 78.4213 2.7302
589.1000 78.9310 2.7051
594.1000 78.3601 2.7513
599.1000 79.3297 2.4738
604.1000 78.1437 2.5230
609.1000 78.8214 2.6201
614.1000 79.5950 2.4627
619.1000 79.2371 2.5587
624.1000 80.5955 2.4380
629.1000 80.3086 2.5535
634.1000 81.0346 2.5293
639.1000 80.9417 2.5458
644.1000 79.9296 2.6429
649.1000 78.6113 2.5919
654.1000 79.2286 2.6246
659.1000 79.4434 2.5977
664.1000 79.3421 2.5646
669.1000 79.7169 2.5651
674.1000 79.7108 2.6164
679.1000 80.3977 2.5194
684.1000 81.3609 2.4824
689.1000 79.9573 2.5527
694.1000 81.1848 2.5810
699.1000 81.9201 2.4186
704.1000 82.2164 2.3510
709.1000 81.8605 2.4263
714.1000 80.6881 2.4894
719.1000 80.9417 2.4183
724.1000 81.9489 2.3276
729.1000 81.6744 2.3884
734.1000 81.9046 2.3930
739.1000 82.6596 2.2320
744.1000 82.5917 2.2707
749.1000 82.6886 2.2491
754.1000 82.7027 2.3190
759.1000 82.8531 2.3047
764.1000 82.0957 2.4473
769.1000 82.5146 2.3647
774.1000 82.6611 2.3574
779.1000 83.3505 2.2338
784.1000 83.2669 2.2733
789.1000 83.7122 2.1570
794.1000 84.1189 2.1009
799.1000 83.8849 2.1376
804.1000 82.9382 2.2587
809.1000 81.9598 2.5181
814.1000 83.7059 2.0764
819.1000 84.0974 2.0111
824.1000 83.0132 2.2748
829.1000 82.7920 2.2003
834.1000 83.4591 2.0113
839.1000 82.2424 2.2257
844.1000 83.0132 2.0680
849.1000 84.0172 2.0294
854.1000 83.6315 2.0262
859.1000 82.6919 2.2156
864.1000 81.6480 2.3859
869.1000 81.3008 2.4300
874.1000 81.4745 2.3459
879.1000 82.0628 2.3064
884.1000 83.3110 1.9500
889.1000 82.8861 2.0613
894.1000 82.6096 2.1486
899.1000 81.9439 2.2930
904.1000 82.7249 2.1424
909.1000 83.0159 2.1161
914.1000 82.0825 2.1604
919.1000 83.2625 2.0694
924.1000 82.0488 2.3023
929.1000 83.1360 2.0398
934.1000 82.7974 1.8543
939.1000 84.3530 1.6948
944.1000 84.2872 1.7126
949.1000 85.1355 1.5328
954.1000 84.8467 1.7055
959.1000 85.2169 1.5713
964.1000 84.5256 1.7626
969.1000 83.9960 1.7616
974.1000 83.7938 1.7736
979.1000 83.8513 1.7795
984.1000 84.7548 1.6151
989.1000 84.4906 1.6187
994.1000 83.8879 1.8444
999.1000 84.6300 1.6825
1004.1000 84.4486 1.7609
1009.1000 83.2399 2.0000
1014.1000 83.4405 1.9799
1019.1000 83.0542 2.0078
1024.1000 84.6271 1.7327
1029.2000 84.1690 1.7296
1034.3000 84.0692 1.8506
1039.4000 83.5069 2.0323
1044.5000 82.4794 1.9711
1049.6000 83.3992 1.9609
1054.7000 83.9422 1.8783
1059.8000 84.0632 1.9108
1064.9000 84.9095 1.7700
1070.0000 85.1219 1.8237
1075.1000 85.6068 1.6002
1080.2000 86.5323 1.3713
1085.3000 87.1400 1.3358
1090.4000 85.9584 1.6172
1095.5000 84.8100 1.8676
1100.6000 86.0683 1.5067
1105.7000 86.3564 1.4568
1110.8000 85.5987 1.5483
1115.9000 86.4332 1.3372
1121.0000 85.7885 1.4946
1126.1000 85.8637 1.3610
1131.2000 85.5031 1.4794
1136.3000 85.1729 1.4924
1141.4000 86.6329 1.2139
1146.5000 86.2416 1.1694
1151.6000 83.9969 1.8471
1156.7000 84.6871 1.5883
1161.8000 84.2986 1.8320
1166.9000 83.5423 1.9728
1172.0000 83.6792 1.8980
1177.1000 84.1045 1.7422
1182.2000 84.7147 1.5289
1187.3000 83.8065 1.6162
1192.4000 83.6942 1.8332
1197.5000 83.4159 1.9282
1202.6000 84.3548 1.8421
1207.7000 85.7448 1.5789
1212.8000 85.0851 1.5947
1217.9000 85.4841 1.6805
1223.0000 84.2864 2.1514
1228.1000 84.3314 2.0603
1233.2000 84.8669 1.8374
1238.3000 85.8359 1.6309
1243.4000 85.1799 1.8123
1248.5000 85.5629 1.7393
1253.6000 83.8116 2.0596
1258.7000 84.6159 1.7698
1263.8000 83.6631 1.8967
1268.9000 83.7933 1.9246
1274.0000 83.5602 2.0685
1279.1000 84.2602 1.9173
1284.2000 83.4506 2.0563
1289.3000 82.8818 2.2271
1294.4000 82.6694 2.0196
1299.5000 83.5196 1.9990
1304.6000 83.8684 1.9622
1309.7000 85.1555 1.7511
1314.8000 85.1220 1.7519
1319.9000 84.6643 1.8157
1325.0000 83.1304 2.2176
1330.1000 84.2782 1.7629
1335.2000 82.9877 2.0007
1340.3000 82.8977 1.9465
1345.4000 83.5194 1.8196
1350.5000 83.7682 1.7404
1355.6000 83.1469 1.8063
1360.7000 82.0283 1.8828
1365.8000 82.8694 1.8433
1370.9000 83.0143 1.8300
1376.0000 82.5508 1.8888
1381.1000 83.5199 1.7017
1386.2000 83.4565 1.7123
1391.3000 83.3334 1.8280
1396.4000 82.9148 1.8787
1401.5000 82.2190 1.9970
1406.6000 82.8791 1.8277
1411.7000 82.4652 1.8265
1416.8000 81.9830 1.8576
1421.9000 82.2794 1.8558
1427.0000 82.4662 1.9072
1432.1000 82.4390 1.9114
1437.2000 83.9499 1.5604
1442.3000 84.6771 1.4456
1447.4000 83.9899 1.6452
1452.5000 83.9299 1.7128
1457.6000 84.8340 1.5788
1462.7000 84.6809 1.6090
1467.8000 84.4502 1.6020
1472.9000 84.1404 1.8124
1478.0000 84.8597 1.7157
1483.1000 84.3216 1.8567
1488.2000 83.7748 1.9810
1493.3000 85.3666 1.6408
1498.4000 84.0036 1.8424
1503.5000 84.3279 1.8242
1508.6000 84.1289 1.7980
1513.7000 83.9520 1.8179
1518.8000 85.1360 1.4257
1523.9000 85.3369 1.5141
1529.0000 85.3311 1.4513
1534.1000 85.1415 1.4706
1539.2000 86.0568 1.3294
1544.3000 85.4424 1.4386
1549.4000 85.2302 1.4969
1554.5000 85.3130 1.5916
1559.6000 84.8075 1.6684
1564.7000 84.1250 1.7612
1569.8000 84.4999 1.7510
1574.9000 83.7740 1.9480
1580.0000 83.3019 1.8458
1585.1000 83.7293 1.7101
1590.2000 83.6959 1.8435
1595.3000 84.4049 1.6783
1600.4000 83.7684 1.7828
1605.5000 83.1525 1.8879
1610.6000 83.7256 1.7205
1615.7000 83.5849 1.7821
1620.8000 84.3709 1.6390
1625.9000 84.8212 1.4938
1631.0000 85.2065 1.4680
1636.1000 85.3709 1.5032
1641.2000 84.0704 1.7398
1646.3000 84.1757 1.7072
1651.4000 84.7873 1.4896
1656.5000 84.3842 1.3783
1661.6000 83.7485 1.5657
1666.7000 84.1741 1.3428
1671.8000 83.3075 1.4976
1676.9000 83.3262 1.6020
1682.0000 83.5260 1.6310
1687.1000 83.0887 1.6275
1692.2000 83.7821 1.6072
1697.3000 83.2757 1.6057
1702.4000 82.8768 1.7087
1707.5000 83.2351 1.6501
1712.6000 83.1797 1.6596
1717.7000 82.8245 1.7583
1722.8000 81.9652 1.9348
1727.9000 81.8728 1.9781
1733.0000 82.2937 1.8484
1738.1000 80.9734 1.9764
1743.2000 81.3146 1.9265
1748.3000 81.0547 2.0302
1753.4000 81.3062 1.9935
1758.5000 81.4108 2.0149
1763.6000 80.5446 2.0624
1768.7000 80.4639 2.0702
1773.8000 80.5013 2.0559
1778.9000 80.4749 2.0929
1784.0000 80.5652 2.0159
1789.1000 80.7684 1.9630
1794.2000 80.9718 1.8804
1799.3000 79.9591 2.0301
1804.4000 81.1586 1.8888
1809.5000 81.3632 1.7900
1814.6000 81.9248 1.7301
1819.7000 82.8826 1.4206
1824.8000 83.0992 1.4037
1829.9000 83.3088 1.3473
1835.0000 82.9910 1.5036
1840.1000 82.6098 1.6256
1845.2000 82.7719 1.5022
1850.3000 82.8846 1.3432
1855.4000 82.1064 1.6217
1860.5000 81.6540 1.8017
1865.6000 82.1946 1.7047
1870.7000 81.5065 1.7487
1875.8000 82.1620 1.6870
1880.9000 83.4838 1.2152
1886.0000 83.0617 1.3352
1891.1000 83.3863 1.2563
1896.2000 82.9418 1.2911
1901.3000 82.0784 1.3131
1906.4000 81.4951 1.6134
1911.5000 81.0329 1.7126
1916.6000 81.8170 1.6391
1921.7000 82.4706 1.4876
1926.8000 82.3391 1.5584
1931.9000 82.9893 1.3483
1937.0000 83.5208 1.2014
1942.1000 82.9773 1.3289
1947.2000 82.7376 1.3743
1952.3000 82.4299 1.4453
1957.4000 83.5070 1.3094
1962.5000 82.7741 1.4971
1967.6000 82.7393 1.4450
1972.7000 82.0885 1.6322
1977.8000 82.4969 1.5225
1982.9000 82.8025 1.4365
1988.0000 82.4317 1.5395
1993.1000 82.3763 1.5581
1998.2000 82.6487 1.4295
2003.3000 81.5805 1.6179
2008.4000 82.6116 1.4346
2013.5000 81.7054 1.6535
2018.6000 81.3937 1.6512
2023.7000 82.5052 1.4568
2028.8000 81.7043 1.4775
2033.9000 82.1812 1.6528
2039.0000 82.3780 1.5394
2044.1000 82.9493 1.3241
2049.2000 83.0476 1.3474
2054.3000 82.7727 1.5274
2059.4000 83.2468 1.3775
2064.5000 83.6005 1.2735
2069.6000 84.0277 1.3054
2074.7000 85.1442 0.9592
2079.8000 83.9263 1.2104
2084.9000 84.0148 1.2651
2090.0000 82.3522 1.6513
2095.1000 83.2736 1.3482
2100.2000 83.7490 1.2357
2105.3000 83.2719 1.2688
2110.4000 83.6674 1.2160
2115.5000 83.8700 1.1885
2120.6000 83.2834 1.3269
2125.7000 82.4388 1.5440
2130.8000 82.7953 1.5201
2135.9000 82.0599 1.7379
2141.0000 82.1808 1.6758
2146.1000 81.7576 1.6706
2151.2000 81.6524 1.7428
2156.3000 81.5680 1.7185
2161.4000 81.4439 1.8781
2166.5000 80.2493 1.9641
2171.6000 80.7894 2.0375
2176.7000 81.1784 1.8341
2181.8000 80.1311 2.2141
2186.9000 81.4693 1.9451
2192.0000 80.9508 1.9563
2197.1000 80.1390 2.0925
2202.2000 81.1789 1.8898
2207.3000 80.5522 1.9845
2212.4000 80.7289 2.0487
2217.5000 79.8384 2.2431
2222.6000 81.0716 2.0008
2227.7000 82.5763 1.6958
2232.8000 82.2911 1.7749
2237.9000 82.9305 1.7613
2243.0000 82.9245 1.6153
2248.1000 82.2871 1.9114
2253.2000 82.7688 1.7287
2258.3000 83.3217 1.6611
2263.4000 84.0783 1.4215
2268.5000 84.0268 1.4284
2273.6000 81.5916 1.9606
2278.7000 83.3330 1.5346
2283.8000 83.6892 1.6104
2288.9000 83.8645 1.4624
2294.0000 83.3088 1.4777
2299.1000 83.4494 1.5778
2304.2000 83.4705 1.4224
2309.3000 82.3356 1.7001
2314.4000 82.5612 1.6598
2319.5000 81.6756 1.7976
2324.6000 82.9329 1.5950
2329.7000 83.5848 1.4545
2334.8000 83.6087 1.4145
2339.9000 82.0201 1.5387
2345.0000 83.5026 1.2820
2350.1000 82.8142 1.4875
2355.2000 83.4646 1.4127
2360.3000 82.6571 1.5499
2365.4000 82.6128 1.5526
2370.5000 82.4324 1.5851
2375.6000 82.6672 1.5889
2380.7000 81.3392 1.9073
2385.8000 82.4251 1.6163
2390.9000 82.4298 1.7333
2396.0000 81.6054 1.7863
2401.1000 81.4196 1.9713
2406.2000 81.4054 1.8828
2411.3000 81.0200 2.0738
2416.4000 80.7977 2.2106
2421.5000 80.4122 2.4031
2426.6000 81.4998 2.2178
2431.7000 82.7787 1.8078
2436.8000 83.0923 1.7324
2441.9000 83.0322 1.9848
2447.0000 81.6963 2.3068
2452.1000 81.9972 2.3872
2457.2000 80.9000 2.3231
2462.3000 80.3507 2.6379
2467.4000 80.5707 2.5437
2472.5000 80.5285 2.6313
2477.6000 80.0372 2.6118
2482.7000 80.6739 2.6137
2487.8000 81.8757 2.6053
2492.9000 82.3745 2.5499
2498.0000 82.5941 2.4798
2503.1000 83.0913 2.2678
2508.2000 82.5996 2.4661
2513.3000 82.3933 2.3845
2518.4000 83.2470 2.1475
2523.5000 82.5810 2.1474
2528.6000 83.7803 1.9358
2533.7000 82.7289 2.2252
2538.8000 82.4405 2.2677
2543.9000 82.0436 2.1793
2549.0000 82.6265 1.9598
2554.1000 82.0242 2.0395
2559.2000 82.9590 1.9842
2564.3000 81.3913 2.4990
2569.4000 81.6843 2.2955
2574.5000 81.4610 2.4463
2579.6000 82.8787 2.3295
2584.7000 84.3485 2.1051
2589.8000 84.4232 2.1176
2594.9000 83.6760 2.2020
2600.0000 84.3629 1.9863
2605.1000 84.7665 1.7960
2610.2000 84.2807 2.0528
2615.3000 83.3834 2.1832
2620.4000 83.5489 2.1358
2625.5000 83.3645 2.3450
2630.6000 83.6315 2.2367
2635.7000 83.6060 2.0669
2640.8000 82.9190 2.1843
2645.9000 83.8184 1.9778
2651.0000 83.3220 2.0625
2656.1000 83.0058 2.0711
2661.2000 84.4442 1.6644
2666.3000 83.7378 1.9355
2671.4000 83.8736 1.9459
2676.5000 82.6502 2.1460
2681.6000 82.8579 2.3090
2686.7000 82.0190 2.3376
2691.8000 81.5332 2.5480
2696.9000 81.0676 2.6800
2702.0000 81.1202 2.6292
2707.1000 80.3848 2.6713
2712.2000 81.2010 2.5882
2717.3000 81.7803 2.4709
2722.4000 83.0232 2.3152
2727.5000 83.7633 2.3021
2732.6000 82.1596 2.6015
2737.7000 81.9809 2.5456
2742.8000 82.3689 2.5388
2747.9000 82.6275 2.4479
2753.0000 82.5732 2.4910
2758.1000 83.2633 2.2124
2763.2000 82.9394 2.3106
2768.3000 82.6091 2.5462
2773.4000 82.9175 2.3960
2778.5000 83.4857 2.3285
2783.6000 84.4178 2.0534
2788.7000 84.8147 1.9170
2793.8000 84.8764 1.9005
2798.9000 84.6136 2.0997
2804.0000 83.8431 2.3199
2809.1000 84.0198 2.2933
2814.2000 84.2346 2.1648
2819.3000 83.0427 2.4185
2824.4000 82.9656 2.3572
2829.5000 82.5276 2.5546
2834.6000 82.9600 2.4742
2839.7000 83.0541 2.3377
2844.8000 82.8670 2.5098
2849.9000 83.1141 2.1940
2855.0000 84.0714 2.0547
2860.1000 83.8326 2.2371
2865.2000 83.3849 2.3636
2870.3000 83.2106 2.3444
2875.4000 83.6211 1.9742
2880.5000 82.4700 2.2530
2885.6000 83.9711 1.9148
2890.7000 83.6770 1.9759
2895.8000 82.5784 2.2969
2900.9000 82.5229 2.1814
2906.0000 82.1249 2.4458
2911.1000 82.5815 2.1313
2916.2000 82.4990 2.3077
2921.3000 83.2489 2.0383
2926.4000 82.5726 2.2931
2931.5000 81.7918 2.4735
2936.6000 82.6856 2.3033
2941.7000 83.0434 2.2224
2946.8000 82.3060 2.3160
2951.9000 82.1851 2.6115
2957.0000 82.4855 2.3574
2962.1000 82.3040 2.4978
2967.2000 82.4301 2.2984
2972.3000 83.2484 2.1947
2977.4000 82.8500 2.2961
2982.5000 81.9871 2.6712
2987.6000 83.1503 2.1809
2992.7000 83.5734 2.1274
2997.8000 84.4056 2.1183
3002.9000 85.0550 1.8429
3008.0000 83.8642 2.2233
3013.1000 85.6442 1.8907
3018.2000 86.0361 1.8470
3023.3000 86.6682 1.5854
3028.4000 87.2826 1.5849
3033.5000 86.8527 1.7606
3038.6000 87.0537 1.6698
3043.7000 86.5195 1.8762
3048.8000 85.4362 2.2642
3053.9000 86.2384 1.9672
3059.0000 86.9377 1.7838
3064.1000 84.9205 2.3668
3069.2000 84.7997 2.3295
3074.3000 84.2903 2.7284
3079.4000 84.9917 2.1747
3084.5000 85.2449 2.1922
3089.6000 84.7327 2.3007
3094.7000 84.9510 2.2342
3099.8000 84.4686 2.2921
3104.9000 84.5752 2.2450
3110.0000 84.3121 2.5028
3115.1000 83.3189 2.8019
3120.2000 84.1378 2.4818
3125.3000 83.4889 2.4905
3130.4000 83.9844 2.3756
3135.5000 83.8462 2.3961
3140.6000 83.7537 2.4759
3145.7000 83.1778 2.7611
3150.8000 83.6481 2.4851
3155.9000 84.8958 2.4830
3161.0000 85.1082 2.3523
3166.1000 83.9461 2.4696
3171.2000 84.1457 2.4582
3176.3000 85.8004 2.0104
3181.4000 86.0277 1.9095
3186.5000 85.7590 2.0548
3191.6000 86.1751 1.9635
3196.7000 85.2418 2.3200
3201.8000 85.8198 1.9568
3206.9000 86.7979 1.8147
3212.0000 85.6964 2.1091
3217.1000 84.1017 2.2930
3222.2000 84.0011 2.4545
3227.3000 83.9400 2.2077
3232.4000 84.4135 2.1850
3237.5000 84.9078 2.1198
3242.6000 85.4570 2.0002
3247.7000 84.2422 2.2120
3252.8000 84.7499 2.0111
3257.9000 84.7596 2.1090
3263.0000 85.1841 2.0361
3268.1000 85.5153 1.9745
3273.2000 86.6337 1.7675
3278.3000 85.7842 2.3350
3283.4000 85.8507 2.1665
3288.5000 85.2299 2.2822
3293.6000 86.4532 1.9783
3298.7000 87.0621 2.0721
3303.8000 87.0828 2.0038
3308.9000 86.8060 1.8764
3314.0000 87.4776 1.4531
3319.1000 87.0405 1.7889
3324.2000 87.3097 1.6223
3329.3000 86.6962 1.8454
3334.4000 87.0493 1.6469
3339.5000 86.8943 1.6911
3344.6000 85.7880 2.1222
3349.7000 87.0843 1.9243
3354.8000 88.0168 1.6616
3359.9000 87.2674 1.7702
3365.0000 87.6558 1.7079
3370.1000 87.7713 1.5643
3375.2000 88.2434 1.4665
3380.3000 87.7295 1.6231
3385.4000 86.3538 2.1277
3390.5000 86.7658 1.8529
3395.6000 86.9610 1.9390
3400.7000 86.0073 2.0162
3405.8000 85.9550 2.0727
3410.9000 86.0147 2.1199
3416.0000 86.2162 1.9874
3421.1000 85.8558 2.0932
3426.2000 85.5527 2.2603
3431.3000 85.9018 1.9902
3436.4000 85.4976 2.1667
3441.5000 84.9845 2.3620
3446.6000 84.1926 2.5789
3451.7000 85.2778 2.2106
3456.8000 84.8292 2.2584
3461.9000 85.3869 2.3497
3467.0000 84.8458 2.3162
3472.1000 83.4722 2.8227
3477.2000 84.6917 2.3936
3482.3000 84.8506 2.3181
3487.4000 85.9556 2.3112
3492.5000 86.3957 2.2317
3497.6000 86.4561 2.2017
3502.7000 86.3525 1.9610
3507.8000 86.5276 2.0907
3512.9000 86.1561 2.1293
3518.0000 86.8691 2.0581
3523.1000 86.4935 2.1655
3528.2000 86.9935 2.0956
3533.3000 87.6262 2.0528
3538.4000 87.8802 1.8517
3543.5000 86.7529 2.3067
3548.6000 86.6966 2.4355
3553.7000 87.0355 2.2712
3558.8000 87.7097 2.0014
3563.9000 88.5946 1.9508
3569.0000 87.9967 2.1599
3574.1000 87.5460 2.3106
3579.2000 88.0130 2.1470
3584.3000 87.9050 2.2538
3589.4000 88.9367 1.9048
3594.5000 87.4785 2.3697
3599.6000 88.5814 1.9793
