5.1000 0.0000 0.0000
10.2000 0.0000 0.0000
15.3000 0.0000 0.0000
20.3000 0.0000 0.0000
25.3000 0.0000 0.0000
30.3000 0.0000 0.0000
35.3000 0.1751 0.0368
40.3000 0.1751 0.0368
45.3000 0.1751 0.0368
50.3000 0.1751 0.0368
55.3000 0.1751 0.0368
60.3000 0.3798 0.0864
65.4000 0.3798 0.0864
70.5000 0.3798 0.0864
75.6000 0.3798 0.0864
80.7000 0.7301 0.1567
85.8000 0.9340 0.2036
90.9000 1.1092 0.2372
96.0000 1.1092 0.2372
101.1000 1.1092 0.2372
106.2000 1.1092 0.2372
111.3000 1.2843 0.2701
116.4000 1.5754 0.3643
121.5000 1.9849 0.4512
126.6000 1.9849 0.4512
131.7000 1.9849 0.4512
136.8000 2.2761 0.5414
141.9000 2.9767 0.7086
147.0000 3.1730 0.8263
152.1000 3.9593 1.0257
157.2000 3.9593 1.0257
162.3000 4.4552 1.1373
167.4000 4.8632 1.2864
172.5000 5.4545 1.4508
177.6000 5.4545 1.4508
182.7000 5.8943 1.5180
187.8000 5.8943 1.5180
192.9000 5.8943 1.5180
198.0000 6.0906 1.5410
203.1000 6.6813 1.6076
208.2000 6.8775 1.6276
213.3000 7.0975 1.6554
218.4000 7.0975 1.6554
223.5000 7.2720 1.6671
228.6000 7.2720 1.6671
233.7000 8.4169 1.9042
238.8000 8.6209 2.0283
243.9000 8.6209 2.0283
249.0000 9.1483 2.3582
254.1000 9.1483 2.3582
259.1000 9.1483 2.3582
264.1000 9.3446 2.4515
269.1000 9.7371 2.5440
274.1000 9.7371 2.5440
279.1000 9.7371 2.5440
284.1000 10.2567 3.0886
289.1000 10.2567 3.0886
294.1000 10.4520 3.0943
299.1000 10.4520 3.0943
304.1000 10.7755 3.3125
309.1000 10.7755 3.3125
314.1000 10.9708 3.3162
319.1000 10.9708 3.3162
324.1000 11.2652 3.4954
329.1000 11.5596 3.6729
334.1000 11.7341 3.6691
339.1000 11.9294 3.7730
344.1000 11.9294 3.7730
349.1000 12.0985 3.7670
354.1000 12.0985 3.7670
359.1000 12.0985 3.7670
364.1000 12.4219 3.8143
369.1000 12.6173 3.9871
374.1000 12.6173 3.9871
379.1000 12.8398 3.9904
384.1000 13.0352 4.1652
389.1000 13.2077 4.3293
394.1000 13.2077 4.3293
399.1000 13.4303 4.4868
404.1000 13.8754 4.4851
409.1000 14.5115 4.5698
414.1000 14.5115 4.5698
419.1000 14.5115 4.5698
424.1000 14.9566 4.5585
429.1000 14.9566 4.5585
434.1000 15.7173 4.6808
439.1000 15.7173 4.6808
444.1000 15.9835 4.6822
449.1000 16.1560 4.8994
454.1000 16.1560 4.8994
459.1000 16.1560 4.8994
464.1000 16.6598 5.0757
469.1000 17.5416 5.2523
474.1000 17.9482 5.6967
479.1000 17.9482 5.6967
484.1000 17.9482 5.6967
489.1000 17.9482 5.6967
494.1000 17.9482 5.6967
499.1000 18.3066 5.7282
504.1000 19.2207 6.2397
509.1000 19.2207 6.2397
514.1000 19.2207 6.2397
519.1000 19.2207 6.2397
524.1000 19.4803 6.2208
529.1000 19.4803 6.2208
534.1000 19.7398 6.3403
539.1000 20.3779 6.5385
544.1000 21.1211 6.9897
549.1000 21.1211 6.9897
554.1000 21.1211 6.9897
559.1000 21.3616 6.9826
564.1000 21.6560 7.1175
569.1000 22.1628 7.3382
574.1000 22.1901 7.3659
579.1000 22.4435 7.4906
584.1000 22.8417 7.8981
589.1000 22.8417 7.8981
594.1000 22.8417 7.8981
599.1000 23.1361 7.8676
604.1000 23.3833 8.0534
609.1000 23.6742 8.2238
614.1000 23.9650 8.1876
619.1000 24.2559 8.1497
624.1000 24.2559 8.1497
629.1000 24.2559 8.1497
634.1000 24.4851 8.3085
639.1000 24.4851 8.3085
644.1000 25.1927 8.2670
649.1000 25.1927 8.2670
654.1000 25.4836 8.2219
659.1000 25.7195 8.4686
664.1000 26.4821 8.7876
669.1000 26.8245 8.9159
674.1000 27.0959 9.1256
679.1000 27.0959 9.1256
684.1000 27.0959 9.1256
689.1000 27.0959 9.1256
694.1000 27.2658 9.0682
699.1000 27.4773 9.0065
704.1000 27.6905 8.9439
709.1000 27.6905 8.9439
714.1000 27.6905 8.9439
719.1000 27.9282 9.0796
724.1000 28.0980 9.0194
729.1000 28.2679 9.0915
734.1000 29.0395 9.0074
739.1000 29.0395 9.0074
744.1000 29.3686 9.0857
749.1000 29.3686 9.0857
754.1000 29.5384 9.1535
759.1000 30.1247 9.3764
764.1000 30.3362 9.3897
769.1000 30.3362 9.3897
774.1000 30.2377 9.2863
779.1000 30.5309 9.2122
784.1000 30.5309 9.2122
789.1000 30.7546 9.1356
794.1000 31.1794 9.0873
799.1000 31.1794 9.0873
804.1000 31.1794 9.0873
809.1000 31.7201 9.1465
814.1000 32.0132 9.0636
819.1000 32.2716 9.2605
824.1000 32.3287 9.1539
829.1000 32.5525 9.2268
834.1000 32.5525 9.2268
839.1000 32.6009 9.1542
844.1000 32.6842 9.2531
849.1000 32.6842 9.2531
854.1000 33.1205 9.4391
859.1000 33.7749 9.3146
864.1000 34.7404 9.5006
869.1000 34.9988 9.7081
874.1000 34.9988 9.7081
879.1000 34.9988 9.7081
884.1000 35.6504 9.9370
889.1000 35.6504 9.9370
894.1000 35.8718 9.9572
899.1000 36.0931 9.9741
904.1000 36.0931 9.9741
909.1000 36.0931 9.9741
914.1000 36.5193 9.8784
919.1000 36.9620 9.7915
924.1000 36.9620 9.7915
929.1000 37.6202 10.2715
934.1000 37.6202 10.2715
939.1000 37.6202 10.2715
944.1000 37.8440 10.1633
949.1000 37.8604 9.8964
954.1000 38.0628 9.7923
959.1000 38.1259 9.8429
964.1000 38.3358 9.8795
969.1000 38.5864 9.7627
974.1000 38.5864 9.7627
979.1000 38.8120 9.6497
984.1000 38.8120 9.6497
989.1000 38.8120 9.6497
994.1000 38.8120 9.6497
999.1000 38.8120 9.6497
1004.1000 38.8120 9.6497
1009.1000 39.3447 9.7664
1014.1000 39.8904 9.6859
1019.1000 39.8904 9.6859
1024.1000 39.8904 9.6859
1029.2000 39.8904 9.6859
1034.3000 39.8904 9.6859
1039.4000 40.2851 9.8136
1044.5000 40.2851 9.8136
1049.6000 40.2851 9.8136
1054.7000 40.2851 9.8136
1059.8000 40.7362 9.6816
1064.9000 41.9686 9.2774
1070.0000 42.6703 9.6877
1075.1000 42.9276 9.6803
1080.2000 42.9276 9.6803
1085.3000 42.9276 9.6803
1090.4000 42.9276 9.6803
1095.5000 43.8974 9.7892
1100.6000 43.8974 9.7892
1105.7000 43.8974 9.7892
1110.8000 44.0109 9.8886
1115.9000 44.0109 9.8886
1121.0000 43.8259 9.7572
1126.1000 43.8259 9.7572
1131.2000 44.1960 9.6173
1136.3000 44.2105 9.6231
1141.4000 44.2105 9.6231
1146.5000 44.2105 9.6231
1151.6000 44.9267 9.8519
1156.7000 45.7905 10.0737
1161.8000 46.0635 10.2559
1166.9000 46.0635 10.2559
1172.0000 46.5748 10.3241
1177.1000 46.5748 10.3241
1182.2000 46.8805 10.3693
1187.3000 47.1110 10.3292
1192.4000 47.3649 10.1673
1197.5000 47.6706 9.9899
1202.6000 47.6706 9.9899
1207.7000 47.6706 9.9899
1212.8000 47.9558 9.8478
1217.9000 48.4250 9.8361
1223.0000 49.1385 9.3476
1228.1000 49.6610 9.2502
1233.2000 49.6610 9.2502
1238.3000 49.6610 9.2502
1243.4000 50.1495 9.1506
1248.5000 50.1495 9.1506
1253.6000 50.3583 9.2956
1258.7000 50.2391 9.1999
1263.8000 50.7616 8.9832
1268.9000 50.7616 8.9832
1274.0000 50.5110 8.9606
1279.1000 50.5110 8.9606
1284.2000 50.6653 8.7541
1289.3000 50.6778 8.7613
1294.4000 50.6778 8.7613
1299.5000 50.9750 8.8038
1304.6000 50.9750 8.8038
1309.7000 50.9750 8.8038
1314.8000 51.1873 8.8906
1319.9000 51.4845 8.6923
1325.0000 51.7707 8.5000
1330.1000 51.7707 8.5000
1335.2000 51.7707 8.5000
1340.3000 51.7707 8.5000
1345.4000 51.9772 8.3549
1350.5000 51.9772 8.3549
1355.6000 51.9772 8.3549
1360.7000 51.9772 8.3549
1365.8000 51.9772 8.3549
1370.9000 51.9772 8.3549
1376.0000 51.9772 8.3549
1381.1000 52.4129 8.3977
1386.2000 52.6308 8.4586
1391.3000 52.6308 8.4586
1396.4000 52.6308 8.4586
1401.5000 52.8486 8.4099
1406.6000 53.2628 8.5833
1411.7000 53.5301 8.7325
1416.8000 53.5301 8.7325
1421.9000 53.3815 8.6695
1427.0000 53.5577 8.5927
1432.1000 53.7699 8.5721
1437.2000 53.9896 8.7243
1442.3000 53.9896 8.7243
1447.4000 53.9896 8.7243
1452.5000 53.9896 8.7243
1457.6000 54.1867 8.6417
1462.7000 54.1867 8.6417
1467.8000 54.1604 8.6198
1472.9000 54.1604 8.6198
1478.0000 54.1604 8.6198
1483.1000 54.3575 8.4529
1488.2000 54.3575 8.4529
1493.3000 54.3575 8.4529
1498.4000 54.7593 8.2692
1503.5000 54.7593 8.2692
1508.6000 54.7593 8.2692
1513.7000 54.7593 8.2692
1518.8000 54.4522 8.1144
1523.9000 54.4522 8.1144
1529.0000 54.8320 7.9577
1534.1000 54.8389 7.9622
1539.2000 55.0435 7.8936
1544.3000 55.2334 7.7278
1549.4000 55.2961 7.7676
1554.5000 55.2961 7.7676
1559.6000 55.4860 7.6981
1564.7000 55.8908 7.8182
1569.8000 56.0807 7.8245
1574.9000 56.0807 7.8245
1580.0000 56.2706 7.9054
1585.1000 56.5658 7.9436
1590.2000 57.2782 8.0321
1595.3000 57.3323 8.0648
1600.4000 57.3323 8.0648
1605.5000 57.3870 8.0802
1610.6000 57.3870 8.0802
1615.7000 57.7080 8.0921
1620.8000 58.3144 7.9377
1625.9000 58.3144 7.9377
1631.0000 58.3144 7.9377
1636.1000 58.3144 7.9377
1641.2000 58.6346 7.8623
1646.3000 58.9852 7.7997
1651.4000 59.2706 7.8773
1656.5000 59.4953 7.9329
1661.6000 59.6983 8.0239
1666.7000 59.6983 8.0239
1671.8000 59.8851 7.6943
1676.9000 59.8851 7.6943
1682.0000 60.2783 7.8366
1687.1000 60.5496 7.9324
1692.2000 61.0057 7.9557
1697.3000 61.0057 7.9557
1702.4000 61.0057 7.9557
1707.5000 61.0122 7.9602
1712.6000 61.0122 7.9602
1717.7000 61.5788 7.8886
1722.8000 61.5788 7.8886
1727.9000 61.8622 7.9066
1733.0000 62.4889 8.1271
1738.1000 62.5041 8.1357
1743.2000 63.0626 8.2979
1748.3000 63.0626 8.2979
1753.4000 63.0626 8.2979
1758.5000 63.5992 8.4212
1763.6000 63.5992 8.4212
1768.7000 63.5992 8.4212
1773.8000 63.1870 8.2992
1778.9000 63.5046 8.3541
1784.0000 63.7990 8.2627
1789.1000 63.8167 8.2691
1794.2000 64.0557 8.3478
1799.3000 64.0557 8.3478
1804.4000 64.0810 8.3565
1809.5000 64.0810 8.3565
1814.6000 64.0810 8.3565
1819.7000 64.0810 8.3565
1824.8000 63.7019 8.2594
1829.9000 64.0221 8.1061
1835.0000 64.0221 8.1061
1840.1000 64.0221 8.1061
1845.2000 64.1376 8.1502
1850.3000 64.1376 8.1502
1855.4000 64.0545 7.9072
1860.5000 64.5578 7.7538
1865.6000 64.5551 7.7522
1870.7000 64.5058 7.7450
1875.8000 64.5191 7.7503
1880.9000 64.5191 7.7503
1886.0000 64.9517 7.6073
1891.1000 64.9517 7.6073
1896.2000 64.8663 7.6026
1901.3000 64.8663 7.6026
1906.4000 64.8003 7.5769
1911.5000 65.5171 7.3735
1916.6000 65.7930 7.4174
1921.7000 65.7930 7.4174
1926.8000 65.7813 7.4109
1931.9000 65.8137 7.4211
1937.0000 65.8137 7.4211
1942.1000 65.9864 7.4208
1947.2000 65.8899 7.1806
1952.3000 65.8899 7.1806
1957.4000 66.0922 7.2043
1962.5000 66.4124 6.9041
1967.6000 66.4124 6.9041
1972.7000 66.6461 6.9474
1977.8000 66.6436 6.9460
1982.9000 66.6436 6.9460
1988.0000 66.6436 6.9460
1993.1000 66.6436 6.9460
1998.2000 66.7994 6.8233
2003.3000 67.0250 6.6674
2008.4000 67.0250 6.6674
2013.5000 67.0494 6.6762
2018.6000 67.2222 6.7457
2023.7000 67.1990 6.7329
2028.8000 67.1969 6.7323
2033.9000 66.9731 6.6638
2039.0000 66.9731 6.6638
2044.1000 66.9473 6.6528
2049.2000 67.1899 6.7325
2054.3000 67.2238 6.7445
2059.4000 67.1026 6.7142
2064.5000 67.3389 6.7895
2069.6000 67.8179 6.8940
2074.7000 67.7566 6.8938
2079.8000 68.0769 6.7415
2084.9000 67.8229 6.6815
2090.0000 68.4149 6.6601
2095.1000 68.4149 6.6601
2100.2000 68.4149 6.6601
2105.3000 68.6043 6.4700
2110.4000 68.6043 6.4700
2115.5000 68.6043 6.4700
2120.6000 68.5714 6.4567
2125.7000 68.6037 6.4676
2130.8000 68.6456 6.4861
2135.9000 68.7181 6.4954
2141.0000 68.7181 6.4954
2146.1000 68.9716 6.3799
2151.2000 68.9716 6.3799
2156.3000 68.9716 6.3799
2161.4000 69.3826 6.2845
2166.5000 69.6347 6.3259
2171.6000 69.6347 6.3259
2176.7000 69.9156 6.2979
2181.8000 70.1615 6.3657
2186.9000 70.3323 6.3613
2192.0000 70.5030 6.2617
2197.1000 70.6739 6.3252
2202.2000 71.0831 5.7992
2207.3000 71.0831 5.7992
2212.4000 71.0831 5.7992
2217.5000 71.2140 5.8168
2222.6000 71.2140 5.8168
2227.7000 71.2140 5.8168
2232.8000 71.1682 5.8037
2237.9000 71.4153 5.7767
2243.0000 71.4153 5.7767
2248.1000 71.3312 5.7459
2253.2000 71.3312 5.7459
2258.3000 71.1940 5.7136
2263.4000 71.3880 5.7713
2268.5000 71.5562 5.7728
2273.6000 71.5834 5.7809
2278.7000 71.8666 5.7634
2283.8000 71.8666 5.7634
2288.9000 71.8283 5.7471
2294.0000 71.8283 5.7471
2299.1000 71.8283 5.7471
2304.2000 72.1114 5.6560
2309.3000 72.1114 5.6560
2314.4000 72.1704 5.6703
2319.5000 72.1704 5.6703
2324.6000 72.4888 5.7421
2329.7000 72.2765 5.7454
2334.8000 72.4202 5.7218
2339.9000 72.3347 5.6874
2345.0000 72.5882 5.5481
2350.1000 72.5882 5.5481
2355.2000 72.6010 5.5540
2360.3000 72.5249 5.5232
2365.4000 72.2160 5.6263
2370.5000 72.2160 5.6263
2375.6000 72.1661 5.6096
2380.7000 72.5945 5.5929
2385.8000 72.4989 5.5640
2390.9000 72.4989 5.5640
2396.0000 72.4989 5.5640
2401.1000 72.4989 5.5640
2406.2000 72.4989 5.5640
2411.3000 72.7712 5.6049
2416.4000 72.9632 5.6066
2421.5000 72.9714 5.6040
2426.6000 72.9714 5.6040
2431.7000 72.9714 5.6040
2436.8000 72.9714 5.6040
2441.9000 72.7634 5.5421
2447.0000 72.9097 5.4422
2452.1000 72.9097 5.4422
2457.2000 72.9912 5.4630
2462.3000 72.9724 5.4571
2467.4000 72.9842 5.4598
2472.5000 72.9842 5.4598
2477.6000 72.8988 5.4231
2482.7000 72.8814 5.4152
2487.8000 72.8814 5.4152
2492.9000 72.9777 5.4511
2498.0000 73.2162 5.4124
2503.1000 73.2162 5.4124
2508.2000 73.2162 5.4124
2513.3000 73.2162 5.4124
2518.4000 73.4546 5.3843
2523.5000 73.4490 5.3829
2528.6000 73.4490 5.3829
2533.7000 73.4523 5.3842
2538.8000 73.4523 5.3842
2543.9000 73.4523 5.3842
2549.0000 73.4523 5.3842
2554.1000 73.5624 5.3790
2559.2000 73.4537 5.3555
2564.3000 73.3384 5.3330
2569.4000 73.5550 5.3467
2574.5000 73.5550 5.3467
2579.6000 73.6946 5.3666
2584.7000 73.8097 5.3903
2589.8000 73.8097 5.3903
2594.9000 74.3659 5.2585
2600.0000 74.1983 5.2257
2605.1000 74.1983 5.2257
2610.2000 74.1245 5.2072
2615.3000 74.4046 5.2082
2620.4000 74.5787 5.1643
2625.5000 74.8171 5.0635
2630.6000 74.6843 4.8852
2635.7000 74.6843 4.8852
2640.8000 74.7898 4.8837
2645.9000 75.0102 4.7753
2651.0000 75.2284 4.7476
2656.1000 75.2284 4.7476
2661.2000 75.2063 4.7385
2666.3000 74.9680 4.7516
2671.4000 75.0655 4.7257
2676.5000 75.3039 4.5527
2681.6000 75.1965 4.5253
2686.7000 75.1965 4.5253
2691.8000 75.0148 4.4833
2696.9000 74.9313 4.4591
2702.0000 74.8477 4.4454
2707.1000 75.0226 4.4199
2712.2000 74.7552 4.4434
2717.3000 74.8593 4.4733
2722.4000 74.8593 4.4733
2727.5000 74.8593 4.4733
2732.6000 74.8334 4.4724
2737.7000 75.0075 4.4964
2742.8000 75.0075 4.4964
2747.9000 75.1852 4.4370
2753.0000 75.1890 4.4328
2758.1000 75.2541 4.4389
2763.2000 75.1337 4.4274
2768.3000 75.1337 4.4274
2773.4000 75.1337 4.4274
2778.5000 75.2165 4.4374
2783.6000 75.1963 4.4304
2788.7000 75.1963 4.4304
2793.8000 75.1963 4.4304
2798.9000 75.1963 4.4304
2804.0000 75.2649 4.4330
2809.1000 75.2649 4.4330
2814.2000 75.4012 4.4674
2819.3000 75.5912 4.4543
2824.4000 74.9503 4.5215
2829.5000 75.2531 4.3991
2834.6000 75.4431 4.2747
2839.7000 75.4431 4.2747
2844.8000 75.8022 4.2834
2849.9000 75.8022 4.2834
2855.0000 75.8022 4.2834
2860.1000 75.8022 4.2834
2865.2000 75.7261 4.2786
2870.3000 75.9174 4.3153
2875.4000 76.2965 4.3196
2880.5000 76.6010 4.3551
2885.6000 76.6010 4.3551
2890.7000 77.0685 3.9961
2895.8000 77.0685 3.9961
2900.9000 77.4152 3.6559
2906.0000 77.4152 3.6559
2911.1000 77.4152 3.6559
2916.2000 77.4152 3.6559
2921.3000 77.4152 3.6559
2926.4000 77.4152 3.6559
2931.5000 77.8623 3.5918
2936.6000 78.0723 3.4989
2941.7000 78.1569 3.5233
2946.8000 78.1569 3.5233
2951.9000 78.3824 3.4768
2957.0000 78.5805 3.5195
2962.1000 78.3829 3.5085
2967.2000 78.1453 3.4993
2972.3000 78.1453 3.4993
2977.4000 78.1416 3.4989
2982.5000 78.2994 3.4174
2987.6000 78.3241 3.2464
2992.7000 78.5440 3.2557
2997.8000 78.5440 3.2557
3002.9000 78.5079 3.2455
3008.0000 78.6229 3.2634
3013.1000 78.6100 3.2619
3018.2000 78.6100 3.2619
3023.3000 78.4766 3.2580
3028.4000 78.4766 3.2580
3033.5000 78.4705 3.2569
3038.6000 78.6850 3.1976
3043.7000 78.7198 3.2025
3048.8000 79.2089 3.2289
3053.9000 79.2089 3.2289
3059.0000 79.2089 3.2289
3064.1000 79.2089 3.2289
3069.2000 79.2161 3.2310
3074.3000 79.7854 3.1615
3079.4000 79.7545 3.1598
3084.5000 79.7545 3.1598
3089.6000 79.7492 3.1594
3094.7000 79.7492 3.1594
3099.8000 79.7492 3.1594
3104.9000 79.9500 3.0474
3110.0000 80.2064 3.0670
3115.1000 80.4629 2.7346
3120.2000 80.4629 2.7346
3125.3000 80.4629 2.7346
3130.4000 80.3356 2.7361
3135.5000 79.9824 2.9035
3140.6000 79.9824 2.9035
3145.7000 79.9824 2.9035
3150.8000 79.9824 2.9035
3155.9000 79.9487 2.9008
3161.0000 79.9487 2.9008
3166.1000 79.9487 2.9008
3171.2000 80.1593 2.8956
3176.3000 80.1593 2.8956
3181.4000 80.1593 2.8956
3186.5000 80.1593 2.8956
3191.6000 80.3309 2.7614
3196.7000 80.3309 2.7614
3201.8000 80.4175 2.7516
3206.9000 80.4175 2.7516
3212.0000 80.4175 2.7516
3217.1000 80.4175 2.7516
3222.2000 80.8580 2.5302
3227.3000 80.8580 2.5302
3232.4000 80.8580 2.5302
3237.5000 80.8095 2.5455
3242.6000 80.6525 2.5150
3247.7000 80.9207 2.3524
3252.8000 80.9839 2.3797
3257.9000 81.0136 2.3860
3263.0000 81.0136 2.3860
3268.1000 81.0136 2.3860
3273.2000 80.8056 2.4037
3278.3000 80.6838 2.2503
3283.4000 80.9305 2.2408
3288.5000 80.9111 2.2398
3293.6000 81.0012 2.1904
3298.7000 80.9234 2.1702
3303.8000 80.9234 2.1702
3308.9000 80.7180 2.1635
3314.0000 80.7456 2.1748
3319.1000 80.7609 2.1774
3324.2000 80.6493 2.1621
3329.3000 80.6493 2.1621
3334.4000 80.6493 2.1621
3339.5000 80.6493 2.1621
3344.6000 80.5332 2.1398
3349.7000 80.5332 2.1398
3354.8000 80.5332 2.1398
3359.9000 80.5332 2.1398
3365.0000 80.5332 2.1398
3370.1000 80.6466 2.1715
3375.2000 80.5992 2.0609
3380.3000 80.5992 2.0609
3385.4000 80.7608 2.1034
3390.5000 80.7608 2.1034
3395.6000 80.7608 2.1034
3400.7000 81.0302 2.1264
3405.8000 81.0302 2.1264
3410.9000 81.0722 2.1312
3416.0000 80.9253 2.1897
3421.1000 81.3030 2.1440
3426.2000 81.2750 2.1376
3431.3000 81.2750 2.1376
3436.4000 81.2888 2.1364
3441.5000 81.2888 2.1364
3446.6000 81.3459 2.0548
3451.7000 81.3245 2.0496
3456.8000 81.0516 2.0267
3461.9000 81.0516 2.0267
3467.0000 81.0516 2.0267
3472.1000 81.0295 2.0168
3477.2000 81.0295 2.0168
3482.3000 81.0295 2.0168
3487.4000 80.9897 2.0132
3492.5000 80.9897 2.0132
3497.6000 81.0396 2.0245
3502.7000 81.1825 2.0471
3507.8000 81.3927 2.0442
3512.9000 81.3927 2.0442
3518.0000 81.4965 2.0506
3523.1000 81.3946 2.0440
3528.2000 81.3946 2.0440
3533.3000 81.3946 2.0440
3538.4000 81.3946 2.0440
3543.5000 81.5568 2.0637
3548.6000 81.4198 2.0336
3553.7000 81.5368 2.0583
3558.8000 81.5772 2.0433
3563.9000 81.5772 2.0433
3569.0000 81.5772 2.0433
3574.1000 81.5772 2.0433
3579.2000 81.7700 2.0377
3584.3000 81.5677 2.0792
3589.4000 81.7403 2.0376
3594.5000 81.6970 2.0112
3599.6000 81.6970 2.0112
