5.1000 0.0000 0.0000
10.2000 0.0000 0.0000
15.3000 0.0000 0.0000
20.3000 0.0000 0.0000
25.3000 0.0000 0.0000
30.3000 0.0000 0.0000
35.3000 0.0865 0.0182
40.3000 0.0865 0.0182
45.3000 0.3459 0.0721
50.3000 0.4324 0.0898
55.3000 0.4324 0.0898
60.3000 0.6346 0.1377
65.4000 0.9380 0.2081
70.5000 0.9380 0.2081
75.6000 0.9380 0.2081
80.7000 0.9380 0.2081
85.8000 1.3271 0.2924
90.9000 1.6293 0.4861
96.0000 1.6293 0.4861
101.1000 1.7300 0.5076
106.2000 1.7300 0.5076
111.3000 1.7300 0.5076
116.4000 1.8738 0.5530
121.5000 1.8738 0.5530
126.6000 1.8738 0.5530
131.7000 1.8738 0.5530
136.8000 1.8738 0.5530
141.9000 1.8738 0.5530
147.0000 2.0677 0.6325
152.1000 2.5960 0.8541
157.2000 2.9806 0.9570
162.3000 3.1744 0.9911
167.4000 3.1744 0.9911
172.5000 3.3047 1.0128
177.6000 3.3047 1.0128
182.7000 3.3047 1.0128
187.8000 3.6306 1.0769
192.9000 3.7392 1.0978
198.0000 3.7392 1.0978
203.1000 3.8254 1.1885
208.2000 3.9116 1.2001
213.3000 4.0840 1.2686
218.4000 4.0840 1.2686
223.5000 4.0840 1.2686
228.6000 4.1702 1.3162
233.7000 4.4162 1.4915
238.8000 4.4162 1.4915
243.9000 4.4162 1.4915
249.0000 4.5759 1.5396
254.1000 4.8954 1.6344
259.1000 4.8954 1.6344
264.1000 5.0552 1.6811
269.1000 5.2256 1.8133
274.1000 5.3960 1.8308
279.1000 5.4812 1.8393
284.1000 5.4812 1.8393
289.1000 5.4812 1.8393
294.1000 5.9304 1.9648
299.1000 6.0156 1.9724
304.1000 6.2085 2.0347
309.1000 6.2085 2.0347
314.1000 6.3050 2.0454
319.1000 6.3050 2.0454
324.1000 6.4504 2.1394
329.1000 6.4504 2.1394
334.1000 6.4504 2.1394
339.1000 6.4504 2.1394
344.1000 6.5958 2.2329
349.1000 6.9081 2.3510
354.1000 6.7209 2.1333
359.1000 6.8954 2.1634
364.1000 7.0408 2.1950
369.1000 7.0408 2.1950
374.1000 7.0408 2.1950
379.1000 7.1507 2.2090
384.1000 7.4805 2.3356
389.1000 7.5639 2.3401
394.1000 7.5639 2.3401
399.1000 7.5639 2.3401
404.1000 7.6474 2.3445
409.1000 8.0418 2.4748
414.1000 8.0418 2.4748
419.1000 8.4147 2.5277
424.1000 8.4147 2.5277
429.1000 8.4147 2.5277
434.1000 8.6589 2.6688
439.1000 8.6589 2.6688
444.1000 8.6589 2.6688
449.1000 8.9865 2.7588
454.1000 8.9865 2.7588
459.1000 8.9865 2.7588
464.1000 9.1039 2.7713
469.1000 9.5874 2.8725
474.1000 9.5874 2.8725
479.1000 9.7882 2.8844
484.1000 9.7882 2.8844
489.1000 9.7882 2.8844
494.1000 9.8981 2.8923
499.1000 9.9916 2.9554
504.1000 10.3007 3.1081
509.1000 10.3942 3.1760
514.1000 10.5115 3.1853
519.1000 10.5115 3.1853
524.1000 10.6397 3.3522
529.1000 10.8961 3.4601
534.1000 10.8961 3.4601
539.1000 10.8961 3.4601
544.1000 10.8961 3.4601
549.1000 10.9895 3.4610
554.1000 10.9895 3.4610
559.1000 11.4157 3.5381
564.1000 11.5211 3.5411
569.1000 11.5211 3.5411
574.1000 11.6492 3.6207
579.1000 11.7545 3.6232
584.1000 11.8677 3.7558
589.1000 12.5461 3.9910
594.1000 12.5461 3.9910
599.1000 12.5461 3.9910
604.1000 12.5461 3.9910
609.1000 12.6898 4.0827
614.1000 13.1207 4.1889
619.1000 13.2644 4.2016
624.1000 13.2644 4.2016
629.1000 13.2644 4.2016
634.1000 13.4080 4.2138
639.1000 13.4080 4.2138
644.1000 13.8740 4.5045
649.1000 13.9905 4.5053
654.1000 13.9905 4.5053
659.1000 13.9905 4.5053
664.1000 13.9905 4.5053
669.1000 14.0744 4.4990
674.1000 14.0744 4.4990
679.1000 14.0744 4.4990
684.1000 14.3008 4.5933
689.1000 14.3008 4.5933
694.1000 14.4173 4.6508
699.1000 14.5218 4.6473
704.1000 14.7307 4.7132
709.1000 14.7307 4.7132
714.1000 14.7307 4.7132
719.1000 14.7307 4.7132
724.1000 14.7307 4.7132
729.1000 14.8985 4.6980
734.1000 15.2236 4.8067
739.1000 15.2236 4.8067
744.1000 15.3861 4.8217
749.1000 15.3861 4.8217
754.1000 15.4700 4.8131
759.1000 15.8434 4.8964
764.1000 15.8434 4.8964
769.1000 15.9479 4.9377
774.1000 15.9479 4.9377
779.1000 15.9479 4.9377
784.1000 16.0927 5.0111
789.1000 16.2032 5.0560
794.1000 16.3657 5.1543
799.1000 16.3657 5.1543
804.1000 16.3657 5.1543
809.1000 16.3657 5.1543
814.1000 16.4496 5.2419
819.1000 16.7221 5.4506
824.1000 17.3024 5.6191
829.1000 17.5406 5.7371
834.1000 17.6853 5.8062
839.1000 17.6853 5.8062
844.1000 17.9003 5.9090
849.1000 18.0451 5.9675
854.1000 18.3944 6.0312
859.1000 18.3944 6.0312
864.1000 18.6325 6.1346
869.1000 18.6325 6.1346
874.1000 18.7431 6.1233
879.1000 18.7431 6.1233
884.1000 18.8524 6.1674
889.1000 18.8524 6.1674
894.1000 19.0695 6.2435
899.1000 19.3975 6.2757
904.1000 19.3975 6.2757
909.1000 19.5068 6.3311
914.1000 19.6067 6.3165
919.1000 19.6067 6.3165
924.1000 19.7145 6.3025
929.1000 19.7145 6.3025
934.1000 19.9144 6.3884
939.1000 19.9144 6.3884
944.1000 19.9144 6.3884
949.1000 19.9282 6.4062
954.1000 19.9282 6.4062
959.1000 19.9282 6.4062
964.1000 19.9282 6.4062
969.1000 19.9282 6.4062
974.1000 19.9282 6.4062
979.1000 20.2747 6.5460
984.1000 20.3009 6.4400
989.1000 20.3009 6.4400
994.1000 20.5123 6.5444
999.1000 20.8474 6.6121
1004.1000 20.8612 6.6286
1009.1000 21.0934 6.7037
1014.1000 21.5684 6.8333
1019.1000 21.7923 6.9838
1024.1000 21.9000 7.0905
1029.2000 21.9000 7.0905
1034.3000 21.9000 7.0905
1039.4000 22.0632 7.2766
1044.5000 22.0632 7.2766
1049.6000 22.1631 7.3538
1054.7000 22.1631 7.3538
1059.8000 22.1631 7.3538
1064.9000 22.4173 7.5668
1070.0000 22.6411 7.7401
1075.1000 22.7572 7.7930
1080.2000 22.7572 7.7930
1085.3000 22.7572 7.7930
1090.4000 22.8843 7.9077
1095.5000 23.0368 7.9859
1100.6000 23.0695 7.9770
1105.7000 23.3746 8.0708
1110.8000 23.2148 7.9915
1115.9000 23.3780 8.0739
1121.0000 23.6922 8.0471
1126.1000 23.9702 8.1661
1131.2000 24.2721 8.1321
1136.3000 24.4231 8.1145
1141.4000 24.4231 8.1145
1146.5000 24.4231 8.1145
1151.6000 24.4231 8.1145
1156.7000 24.7075 8.3120
1161.8000 24.8497 8.4677
1166.9000 25.1189 8.4223
1172.0000 25.1863 8.4870
1177.1000 25.1863 8.4870
1182.2000 25.1863 8.4870
1187.3000 25.4187 8.5626
1192.4000 25.5441 8.7090
1197.5000 26.0170 9.0090
1202.6000 26.1440 9.0718
1207.7000 26.1440 9.0718
1212.8000 26.2694 9.1131
1217.9000 26.5011 9.2580
1223.0000 26.6170 9.2294
1228.1000 26.7592 9.3600
1233.2000 26.8750 9.4788
1238.3000 26.9908 9.4493
1243.4000 26.8594 9.3258
1248.5000 27.1174 9.4966
1253.6000 27.2558 9.5706
1258.7000 27.3941 9.5418
1263.8000 27.3941 9.5418
1268.9000 27.5324 9.6780
1274.0000 27.5324 9.6780
1279.1000 27.5324 9.6780
1284.2000 27.7011 9.6861
1289.3000 27.6956 9.5214
1294.4000 28.1276 9.7636
1299.5000 28.2744 9.8803
1304.6000 28.2744 9.8803
1309.7000 28.5680 9.9028
1314.8000 28.6937 9.9444
1319.9000 29.0082 10.0382
1325.0000 29.0082 10.0382
1330.1000 29.0082 10.0382
1335.2000 29.0082 10.0382
1340.3000 29.1130 10.0796
1345.4000 29.1949 10.0817
1350.5000 29.4406 10.1718
1355.6000 29.5225 10.1399
1360.7000 29.5225 10.1399
1365.8000 29.5225 10.1399
1370.9000 29.5225 10.1399
1376.0000 29.5225 10.1399
1381.1000 29.5202 10.1376
1386.2000 29.7353 10.2426
1391.3000 29.7353 10.2426
1396.4000 29.8429 10.2637
1401.5000 30.0061 10.3251
1406.6000 30.0061 10.3251
1411.7000 30.1382 10.4557
1416.8000 30.1382 10.4557
1421.9000 30.1382 10.4557
1427.0000 30.2201 10.4227
1432.1000 30.3833 10.3890
1437.2000 30.4806 10.3530
1442.3000 30.4806 10.3530
1447.4000 30.6126 10.4564
1452.5000 30.8182 10.3928
1457.6000 30.9502 10.4849
1462.7000 30.9815 10.5216
1467.8000 31.0337 10.5411
1472.9000 30.9284 10.4661
1478.0000 31.0257 10.4950
1483.1000 31.0257 10.4950
1488.2000 31.3364 10.6236
1493.3000 31.4513 10.7186
1498.4000 31.4242 10.6872
1503.5000 31.6256 10.7250
1508.6000 31.7332 10.8263
1513.7000 31.8407 10.9070
1518.8000 31.8407 10.9070
1523.9000 31.8407 10.9070
1529.0000 31.8483 10.8325
1534.1000 32.1297 10.9613
1539.2000 32.1858 10.9806
1544.3000 32.1858 10.9806
1549.4000 32.1858 10.9806
1554.5000 32.1431 10.9377
1559.6000 32.1431 10.9377
1564.7000 32.1574 10.9556
1569.8000 32.1574 10.9556
1574.9000 32.1574 10.9556
1580.0000 32.0640 10.9006
1585.1000 32.1650 10.9780
1590.2000 32.5368 11.0586
1595.3000 32.5368 11.0586
1600.4000 32.6953 11.1033
1605.5000 32.6953 11.1033
1610.6000 32.7088 11.1163
1615.7000 32.7088 11.1163
1620.8000 33.1849 11.2054
1625.9000 33.1849 11.2054
1631.0000 33.1849 11.2054
1636.1000 33.3258 11.2359
1641.2000 33.3258 11.2359
1646.3000 33.4658 11.1904
1651.4000 33.4658 11.1904
1656.5000 33.4658 11.1904
1661.6000 33.7466 11.1706
1666.7000 33.8866 11.2226
1671.8000 33.8866 11.2226
1676.9000 33.8866 11.2226
1682.0000 34.0206 11.3385
1687.1000 34.0738 11.3288
1692.2000 34.4827 11.6129
1697.3000 34.4827 11.6129
1702.4000 34.4827 11.6129
1707.5000 34.4859 11.6152
1712.6000 34.6202 11.6597
1717.7000 34.6464 11.6854
1722.8000 34.7645 11.7137
1727.9000 34.9167 11.6401
1733.0000 34.9167 11.6401
1738.1000 34.9167 11.6401
1743.2000 35.0492 11.6858
1748.3000 35.1962 11.8125
1753.4000 35.1962 11.8125
1758.5000 35.2087 11.8908
1763.6000 35.3557 11.9416
1768.7000 35.3557 11.9416
1773.8000 35.5011 12.0687
1778.9000 35.6466 12.0839
1784.0000 35.6466 12.0839
1789.1000 35.5366 12.0471
1794.2000 35.5351 12.0619
1799.3000 35.8167 12.2150
1804.4000 35.9391 12.2427
1809.5000 35.9430 12.3178
1814.6000 35.9744 12.2549
1819.7000 35.9744 12.2549
1824.8000 35.9744 12.2549
1829.9000 36.0402 12.1879
1835.0000 36.0825 12.2171
1840.1000 35.8259 12.1243
1845.2000 36.0130 12.1771
1850.3000 35.9258 11.9917
1855.4000 36.4515 12.3214
1860.5000 36.6949 12.5338
1865.6000 36.6949 12.5338
1870.7000 36.7224 12.5609
1875.8000 36.7224 12.5609
1880.9000 36.7224 12.5609
1886.0000 36.8935 12.6153
1891.1000 37.1034 12.7816
1896.2000 37.2083 12.8421
1901.3000 37.2083 12.8421
1906.4000 37.2083 12.8421
1911.5000 37.2036 12.8368
1916.6000 37.3035 12.8950
1921.7000 37.4034 12.8859
1926.8000 37.4034 12.8859
1931.9000 37.4034 12.8859
1937.0000 37.4034 12.8859
1942.1000 37.3613 12.8208
1947.2000 37.2602 12.7565
1952.3000 37.3826 12.8407
1957.4000 37.5051 12.8489
1962.5000 37.5051 12.8489
1967.6000 37.5051 12.8489
1972.7000 37.6205 12.8739
1977.8000 37.6205 12.8739
1982.9000 37.6000 12.8638
1988.0000 37.7852 12.9072
1993.1000 38.0566 13.1193
1998.2000 38.1305 13.0708
2003.3000 38.2503 13.0145
2008.4000 38.2503 13.0145
2013.5000 38.3657 13.1094
2018.6000 38.3897 13.0988
2023.7000 38.8628 13.3425
2028.8000 38.9795 13.4234
2033.9000 38.9795 13.4234
2039.0000 38.9711 13.4160
2044.1000 38.9711 13.4160
2049.2000 39.0879 13.4836
2054.3000 39.1075 13.5106
2059.4000 39.2520 13.6111
2064.5000 39.3687 13.6880
2069.6000 39.2417 13.6496
2074.7000 39.3470 13.6665
2079.8000 39.3470 13.6665
2084.9000 39.3470 13.6665
2090.0000 39.4684 13.6069
2095.1000 39.4647 13.6037
2100.2000 39.5815 13.6876
2105.3000 39.5815 13.6876
2110.4000 39.5815 13.6876
2115.5000 39.5815 13.6876
2120.6000 39.5526 13.6715
2125.7000 39.6740 13.6979
2130.8000 39.6740 13.6979
2135.9000 39.5905 13.6403
2141.0000 39.7263 13.6909
2146.1000 39.9729 13.8719
2151.2000 39.9947 13.9188
2156.3000 39.8815 13.8502
2161.4000 40.0035 13.9488
2166.5000 40.4762 14.1597
2171.6000 40.4762 14.1597
2176.7000 40.6858 14.2690
2181.8000 40.6858 14.2690
2186.9000 40.6858 14.2690
2192.0000 40.5700 14.1708
2197.1000 40.6914 14.2452
2202.2000 40.4800 14.0947
2207.3000 41.0499 14.4275
2212.4000 41.0290 14.4093
2217.5000 41.1978 14.4947
2222.6000 41.1978 14.4947
2227.7000 41.1978 14.4947
2232.8000 41.2572 14.4737
2237.9000 41.2572 14.4737
2243.0000 41.2572 14.4737
2248.1000 41.2572 14.4737
2253.2000 41.2572 14.4737
2258.3000 41.2572 14.4737
2263.4000 41.3047 14.5238
2268.5000 41.1793 14.4304
2273.6000 40.8976 14.3224
2278.7000 41.0565 14.3357
2283.8000 41.0565 14.3357
2288.9000 40.9418 14.2406
2294.0000 41.1947 14.4011
2299.1000 41.3212 14.4032
2304.2000 41.1935 14.3095
2309.3000 41.1442 14.2403
2314.4000 41.0020 14.1349
2319.5000 41.0024 14.1726
2324.6000 41.1327 14.2302
2329.7000 41.1224 14.2215
2334.8000 41.1224 14.2215
2339.9000 41.2339 14.1055
2345.0000 41.2171 14.0968
2350.1000 41.3754 14.1749
2355.2000 41.3569 14.1546
2360.3000 41.2631 14.0987
2365.4000 41.1526 14.0351
2370.5000 41.2480 14.0866
2375.6000 41.2480 14.0866
2380.7000 41.2690 14.0174
2385.8000 41.2690 14.0174
2390.9000 41.6855 14.1399
2396.0000 41.6855 14.1399
2401.1000 41.6855 14.1399
2406.2000 41.6855 14.1399
2411.3000 41.7146 14.1629
2416.4000 41.5917 14.0669
2421.5000 41.7207 14.1672
2426.6000 41.7044 14.1525
2431.7000 41.7044 14.1525
2436.8000 41.7044 14.1525
2441.9000 41.6560 14.1387
2447.0000 41.7180 14.1442
2452.1000 41.5811 14.0377
2457.2000 41.5752 14.0477
2462.3000 41.5972 14.0673
2467.4000 41.8331 14.2341
2472.5000 41.8331 14.2341
2477.6000 41.8331 14.2341
2482.7000 41.8331 14.2341
2487.8000 41.8331 14.2341
2492.9000 41.9962 14.1400
2498.0000 42.1914 14.2092
2503.1000 42.1914 14.2092
2508.2000 42.2648 14.2783
2513.3000 42.2648 14.2783
2518.4000 42.2648 14.2783
2523.5000 42.4004 14.2730
2528.6000 42.2826 14.2170
2533.7000 42.5424 14.3117
2538.8000 42.5424 14.3117
2543.9000 42.4008 14.3010
2549.0000 42.6433 14.3092
2554.1000 42.6567 14.3196
2559.2000 42.8745 14.3973
2564.3000 42.7509 14.3193
2569.4000 42.9934 14.4159
2574.5000 43.1022 14.4836
2579.6000 43.1022 14.4836
2584.7000 42.8292 14.3140
2589.8000 42.9894 14.4356
2594.9000 43.1181 14.5237
2600.0000 43.2269 14.6052
2605.1000 43.0886 14.5290
2610.2000 42.9665 14.4586
2615.3000 43.1017 14.5409
2620.4000 43.1877 14.5255
2625.5000 43.2737 14.4693
2630.6000 43.5546 14.4641
2635.7000 43.4952 14.4113
2640.8000 43.3484 14.3205
2645.9000 43.5700 14.3648
2651.0000 43.6563 14.4339
2656.1000 43.7322 14.4326
2661.2000 43.9049 14.4244
2666.3000 43.9049 14.4244
2671.4000 43.9913 14.4770
2676.5000 43.9913 14.4770
2681.6000 44.1408 14.5338
2686.7000 44.3290 14.6289
2691.8000 44.1152 14.5055
2696.9000 43.8489 14.4422
2702.0000 43.7179 14.3501
2707.1000 43.7179 14.3501
2712.2000 43.6315 14.3154
2717.3000 43.7251 14.3579
2722.4000 43.7251 14.3579
2727.5000 43.8444 14.3629
2732.6000 43.7357 14.3426
2737.7000 43.8853 14.3855
2742.8000 43.8853 14.3855
2747.9000 44.0983 14.5135
2753.0000 43.8454 14.3621
2758.1000 43.8454 14.3621
2763.2000 43.8454 14.3621
2768.3000 43.9646 14.2922
2773.4000 44.0838 14.2221
2778.5000 44.0838 14.2221
2783.6000 44.1024 14.2404
2788.7000 44.1024 14.2404
2793.8000 44.1024 14.2404
2798.9000 44.1024 14.2404
2804.0000 44.1024 14.2404
2809.1000 44.1035 14.1833
2814.2000 44.3598 14.2885
2819.3000 44.3825 14.2516
2824.4000 44.5111 14.2355
2829.5000 44.6603 14.3290
2834.6000 44.6696 14.3484
2839.7000 44.7959 14.4233
2844.8000 44.8191 14.3264
2849.9000 44.5406 14.1652
2855.0000 44.6453 14.2099
2860.1000 44.6453 14.2099
2865.2000 44.7149 14.2639
2870.3000 44.7149 14.2639
2875.4000 44.8352 14.3354
2880.5000 44.8754 14.3168
2885.6000 44.8754 14.3168
2890.7000 44.9692 14.3215
2895.8000 44.9692 14.3215
2900.9000 45.0115 14.3041
2906.0000 45.0956 14.3488
2911.1000 45.0956 14.3488
2916.2000 45.0956 14.3488
2921.3000 45.0956 14.3488
2926.4000 45.0956 14.3488
2931.5000 45.5356 14.5358
2936.6000 45.5397 14.4971
2941.7000 45.6230 14.5305
2946.8000 45.6230 14.5305
2951.9000 45.6230 14.5305
2957.0000 45.7844 14.4468
2962.1000 45.7844 14.4468
2967.2000 45.7844 14.4468
2972.3000 45.7844 14.4468
2977.4000 45.6461 14.3851
2982.5000 45.2161 14.1854
2987.6000 45.4618 14.2556
2992.7000 45.3342 14.1874
2997.8000 45.3342 14.1874
3002.9000 45.3818 14.2329
3008.0000 45.3818 14.2329
3013.1000 45.1770 14.1651
3018.2000 45.1770 14.1651
3023.3000 45.3384 14.1508
3028.4000 45.2211 14.1161
3033.5000 45.3825 14.1813
3038.6000 45.4063 14.1765
3043.7000 45.4063 14.1765
3048.8000 45.6777 14.2784
3053.9000 45.6777 14.2784
3059.0000 45.8312 14.2686
3064.1000 45.8312 14.2686
3069.2000 45.8085 14.2485
3074.3000 45.5414 14.1032
3079.4000 45.6773 14.1913
3084.5000 45.9487 14.2838
3089.6000 45.9487 14.2838
3094.7000 46.0846 14.3660
3099.8000 46.0846 14.3660
3104.9000 45.9247 14.2689
3110.0000 46.2223 14.3481
3115.1000 46.3686 14.4156
3120.2000 46.3686 14.4156
3125.3000 46.3676 14.4147
3130.4000 46.0422 14.2649
3135.5000 45.9159 14.2430
3140.6000 45.6863 14.1238
3145.7000 45.5607 14.1050
3150.8000 45.6687 14.1480
3155.9000 45.7988 14.2488
3161.0000 45.9149 14.3347
3166.1000 45.9895 14.3833
3171.2000 45.9895 14.3833
3176.3000 45.9895 14.3833
3181.4000 45.9895 14.3833
3186.5000 46.1909 14.4575
3191.6000 46.2828 14.5332
3196.7000 46.2828 14.5332
3201.8000 46.2828 14.5332
3206.9000 46.2828 14.5332
3212.0000 46.2828 14.5332
3217.1000 46.2828 14.5332
3222.2000 46.2719 14.4977
3227.3000 46.3956 14.5768
3232.4000 46.3956 14.5768
3237.5000 46.3956 14.5768
3242.6000 46.3956 14.5768
3247.7000 46.3453 14.5459
3252.8000 46.2292 14.5199
3257.9000 45.9991 14.3914
3263.0000 46.1287 14.4587
3268.1000 45.9842 14.3930
3273.2000 45.9551 14.3727
3278.3000 46.0730 14.4485
3283.4000 46.2696 14.5489
3288.5000 46.2761 14.5545
3293.6000 46.2761 14.5545
3298.7000 46.0353 14.4362
3303.8000 46.2873 14.5632
3308.9000 46.1511 14.5003
3314.0000 46.4656 14.5142
3319.1000 46.6091 14.5876
3324.2000 46.7752 14.6553
3329.3000 46.7752 14.6553
3334.4000 46.7752 14.6553
3339.5000 46.7752 14.6553
3344.6000 46.7909 14.6693
3349.7000 46.7909 14.6693
3354.8000 46.7909 14.6693
3359.9000 46.7909 14.6693
3365.0000 46.7909 14.6693
3370.1000 46.8191 14.6930
3375.2000 46.8450 14.6704
3380.3000 46.7380 14.6388
3385.4000 46.7629 14.6541
3390.5000 46.7629 14.6541
3395.6000 46.7629 14.6541
3400.7000 46.9317 14.7071
3405.8000 46.8054 14.6280
3410.9000 46.9347 14.7100
3416.0000 46.9347 14.7100
3421.1000 46.9347 14.7100
3426.2000 47.1969 14.7373
3431.3000 47.3149 14.8290
3436.4000 47.4082 14.9009
3441.5000 47.4082 14.9009
3446.6000 47.4080 14.9282
3451.7000 47.5161 14.9736
3456.8000 47.3929 14.9809
3461.9000 47.5551 14.9941
3467.0000 47.6827 15.0129
3472.1000 47.6489 14.9846
3477.2000 47.5520 14.9675
3482.3000 47.5375 14.9618
3487.4000 47.6671 15.0344
3492.5000 47.6516 15.0210
3497.6000 47.7925 15.0772
3502.7000 47.5267 14.9093
3507.8000 47.6972 15.0107
3512.9000 47.6972 15.0107
3518.0000 47.4898 14.9009
3523.1000 47.5797 14.9646
3528.2000 47.4417 14.8808
3533.3000 47.5963 14.9840
3538.4000 47.5963 14.9840
3543.5000 47.5963 14.9840
3548.6000 47.4720 14.8797
3553.7000 47.6226 14.9541
3558.8000 47.6226 14.9541
3563.9000 47.6226 14.9541
3569.0000 47.6226 14.9541
3574.1000 47.6226 14.9541
3579.2000 47.5941 14.9263
3584.3000 47.3584 14.8262
3589.4000 47.3177 14.7777
3594.5000 47.3177 14.7777
3599.6000 47.3177 14.7777
