5.1000 0.0000 0.0000
10.2000 0.0000 0.0000
15.3000 0.0000 0.0000
20.3000 0.0000 0.0000
25.3000 0.0000 0.0000
30.3000 0.0000 0.0000
35.3000 0.0347 0.0073
40.3000 0.0347 0.0073
45.3000 0.0347 0.0073
50.3000 0.0347 0.0073
55.3000 0.0347 0.0073
60.3000 0.0753 0.0174
65.4000 0.0753 0.0174
70.5000 0.0753 0.0174
75.6000 0.0753 0.0174
80.7000 0.0753 0.0174
85.8000 0.1158 0.0273
90.9000 0.1158 0.0273
96.0000 0.1158 0.0273
101.1000 0.1158 0.0273
106.2000 0.1158 0.0273
111.3000 0.1158 0.0273
116.4000 0.1736 0.0475
121.5000 0.1736 0.0475
126.6000 0.1736 0.0475
131.7000 0.1736 0.0475
136.8000 0.3360 0.0869
141.9000 0.7827 0.2097
147.0000 1.1754 0.4476
152.1000 1.2972 0.4941
157.2000 1.5781 0.5934
162.3000 1.7745 0.6917
167.4000 1.8929 0.7737
172.5000 2.1983 0.8425
177.6000 2.2778 0.8775
182.7000 2.6052 1.1068
187.8000 3.0515 1.3515
192.9000 3.4542 1.4845
198.0000 4.2003 1.8900
203.1000 4.5752 2.0022
208.2000 4.7765 2.1369
213.3000 4.8688 2.2139
218.4000 5.2301 2.3678
223.5000 5.7282 2.7779
228.6000 6.1943 3.0125
233.7000 7.3443 3.8222
238.8000 8.1155 4.3468
243.9000 9.0053 4.6647
249.0000 9.8513 5.1053
254.1000 10.1419 5.3921
259.1000 10.7979 5.9235
264.1000 11.6188 6.5336
269.1000 12.1054 6.7241
274.1000 12.7006 7.3206
279.1000 13.5471 7.7641
284.1000 14.0634 8.1571
289.1000 14.4075 8.2369
294.1000 14.7471 8.4351
299.1000 14.9970 8.4446
304.1000 15.5523 8.8427
309.1000 15.7221 8.6853
314.1000 16.5659 9.2861
319.1000 17.0051 9.6830
324.1000 17.3079 9.9320
329.1000 17.4937 9.7877
334.1000 18.3600 10.5155
339.1000 18.7839 10.7940
344.1000 18.8530 10.7034
349.1000 19.8787 11.3363
354.1000 20.2320 11.6177
359.1000 20.6107 11.8882
364.1000 21.3290 12.3181
369.1000 21.8940 12.6823
374.1000 22.7291 13.1679
379.1000 23.1922 13.4646
384.1000 23.1163 13.2953
389.1000 23.6564 13.6843
394.1000 23.7205 13.7605
399.1000 24.5657 14.4390
404.1000 24.8425 14.5578
409.1000 25.1949 14.8322
414.1000 25.4512 15.0898
419.1000 25.7982 15.3655
424.1000 25.8916 15.4698
429.1000 26.3853 15.7202
434.1000 26.4356 15.6957
439.1000 26.4224 15.7119
444.1000 26.9427 15.8793
449.1000 26.9384 15.7783
454.1000 27.1196 15.8501
459.1000 27.0046 15.8494
464.1000 27.2632 16.0702
469.1000 27.6259 16.3851
474.1000 27.4015 16.1108
479.1000 27.5552 16.3178
484.1000 27.3999 16.0868
489.1000 27.7864 16.2625
494.1000 27.1872 15.6299
499.1000 27.7746 16.0516
504.1000 28.3401 16.5087
509.1000 28.5996 16.4582
514.1000 28.4002 16.0416
519.1000 28.9153 16.2409
524.1000 29.6078 16.3787
529.1000 30.9966 17.2502
534.1000 31.6659 17.2127
539.1000 33.0567 17.3271
544.1000 34.1133 17.3712
549.1000 36.7793 17.9744
554.1000 38.9387 18.3219
559.1000 40.5724 18.4036
564.1000 42.6209 18.8376
569.1000 44.3279 18.9699
574.1000 46.1897 19.0886
579.1000 47.8403 19.1429
584.1000 49.1152 18.8934
589.1000 50.4989 19.0060
594.1000 51.9366 18.9835
599.1000 53.2830 19.2932
604.1000 54.2765 19.2188
609.1000 54.5741 19.1131
614.1000 55.3692 18.9747
619.1000 56.0920 18.8289
624.1000 56.5772 18.9165
629.1000 57.5635 18.9061
634.1000 58.0572 18.8980
639.1000 57.8736 18.7955
644.1000 58.1414 18.8444
649.1000 58.3213 18.7428
654.1000 57.9773 18.5908
659.1000 59.0779 18.6778
664.1000 58.4056 18.5135
669.1000 58.9361 18.6350
674.1000 59.1583 18.7464
679.1000 59.0322 18.6589
684.1000 58.4655 18.4846
689.1000 58.6676 18.4981
694.1000 58.5376 18.4769
699.1000 58.9865 18.7100
704.1000 59.1760 18.6928
709.1000 59.1513 18.6739
714.1000 58.9912 18.6310
719.1000 58.5432 18.4390
724.1000 58.6284 18.4633
729.1000 59.0091 18.5559
734.1000 58.2137 18.4019
739.1000 58.2218 18.2831
744.1000 58.0802 18.1407
749.1000 58.1519 18.1659
754.1000 58.0983 18.1281
759.1000 58.2303 18.0675
764.1000 57.9434 18.0113
769.1000 57.3193 17.8520
774.1000 57.3619 17.8960
779.1000 58.0283 18.1299
784.1000 58.2786 18.2981
789.1000 57.8405 18.1063
794.1000 58.1038 18.2171
799.1000 58.3393 18.2303
804.1000 57.7249 18.1062
809.1000 57.8541 18.0793
814.1000 58.1063 18.1536
819.1000 58.5505 18.4353
824.1000 58.5222 18.2044
829.1000 58.3271 18.2231
834.1000 58.3682 18.2949
839.1000 58.6890 18.4457
844.1000 58.6646 18.3797
849.1000 58.1691 18.1209
854.1000 57.8054 17.9823
859.1000 58.1342 18.0483
864.1000 58.2522 18.0707
869.1000 58.0684 18.0471
874.1000 58.0211 18.0688
879.1000 57.4493 17.8817
884.1000 58.2262 17.9873
889.1000 58.2542 18.0442
894.1000 58.5449 18.2216
899.1000 59.3571 18.3694
904.1000 58.4051 18.1565
909.1000 58.8536 18.2253
914.1000 58.6135 17.9634
919.1000 58.3527 17.8126
924.1000 58.5224 17.5698
929.1000 59.4545 17.8357
934.1000 59.4909 17.5189
939.1000 59.6718 17.4917
944.1000 60.9080 17.6294
949.1000 61.0406 17.3751
954.1000 61.6009 17.0840
959.1000 62.1387 16.7971
964.1000 62.8696 16.7734
969.1000 63.6757 16.4130
974.1000 64.0341 16.1884
979.1000 64.3468 15.8932
984.1000 64.8892 15.9238
989.1000 66.0864 15.6907
994.1000 66.0631 15.4543
999.1000 67.0643 15.3305
1004.1000 66.9334 15.2180
1009.1000 68.0824 14.9060
1014.1000 69.0739 14.2147
1019.1000 69.0507 14.0594
1024.1000 70.5048 13.7305
1029.2000 71.5489 13.2911
1034.3000 72.6408 12.3992
1039.4000 73.3887 12.1926
1044.5000 74.8150 11.5220
1049.6000 76.1762 11.0110
1054.7000 75.9247 10.7049
1059.8000 77.3417 10.3346
1064.9000 77.6803 9.9084
1070.0000 79.1764 9.0779
1075.1000 79.5378 8.9452
1080.2000 80.2563 8.1967
1085.3000 81.5689 7.3989
1090.4000 81.9394 7.2315
1095.5000 81.9561 6.9179
1100.6000 82.3382 6.5464
1105.7000 82.6548 6.2722
1110.8000 83.5429 5.8254
1115.9000 84.8219 5.0951
1121.0000 84.3903 4.9814
1126.1000 84.9222 4.6908
1131.2000 84.6126 4.8016
1136.3000 85.3340 4.3385
1141.4000 85.7243 4.2675
1146.5000 86.0799 3.9942
1151.6000 86.0341 4.0126
1156.7000 86.0000 3.8037
1161.8000 85.7528 3.6979
1166.9000 86.6683 3.4595
1172.0000 86.7518 3.3722
1177.1000 87.0039 3.1321
1182.2000 87.3068 2.9846
1187.3000 86.6616 3.0286
1192.4000 86.2226 3.0887
1197.5000 87.0323 2.6497
1202.6000 86.9299 2.6607
1207.7000 87.0440 2.6736
1212.8000 86.6581 2.6033
1217.9000 87.1415 2.6102
1223.0000 88.6023 2.3010
1228.1000 87.9877 2.4041
1233.2000 87.6940 2.5737
1238.3000 88.3478 2.3381
1243.4000 88.1827 2.3256
1248.5000 88.1031 2.4656
1253.6000 87.7751 2.5682
1258.7000 88.3905 2.3551
1263.8000 88.6499 2.3085
1268.9000 88.8451 2.2332
1274.0000 89.1930 2.0073
1279.1000 89.3882 1.7087
1284.2000 88.9840 1.8810
1289.3000 89.0594 1.7279
1294.4000 88.8433 1.8527
1299.5000 89.0849 1.8438
1304.6000 89.0892 1.8087
1309.7000 89.5623 1.5413
1314.8000 88.7773 1.8253
1319.9000 88.8415 1.7356
1325.0000 88.3989 1.8479
1330.1000 88.8783 1.5917
1335.2000 89.3894 1.5551
1340.3000 89.1409 1.7259
1345.4000 89.1610 1.6616
1350.5000 89.1467 1.6656
1355.6000 89.2800 1.6358
1360.7000 88.8972 1.7629
1365.8000 89.6832 1.5501
1370.9000 89.4907 1.5675
1376.0000 89.1252 1.7628
1381.1000 90.0533 1.4217
1386.2000 89.5933 1.6308
1391.3000 89.4980 1.6593
1396.4000 89.2789 1.6819
1401.5000 89.6304 1.5455
1406.6000 89.0697 1.7254
1411.7000 89.7056 1.6554
1416.8000 89.7897 1.5221
1421.9000 89.7953 1.6169
1427.0000 90.0255 1.6171
1432.1000 89.7356 1.5548
1437.2000 89.7255 1.5184
1442.3000 89.8203 1.4448
1447.4000 89.1777 1.6142
1452.5000 88.7430 1.6571
1457.6000 88.9344 1.6652
1462.7000 89.1900 1.4942
1467.8000 89.7305 1.3762
1472.9000 89.3967 1.6138
1478.0000 89.4011 1.5349
1483.1000 89.6435 1.5132
1488.2000 89.0037 1.6242
1493.3000 89.2845 1.4502
1498.4000 88.9440 1.4939
1503.5000 89.0998 1.4933
1508.6000 88.5672 1.6665
1513.7000 87.4804 1.8190
1518.8000 87.8439 1.7919
1523.9000 88.0540 1.7831
1529.0000 88.2539 1.7540
1534.1000 88.9265 1.4919
1539.2000 88.9331 1.5521
1544.3000 89.0523 1.4501
1549.4000 88.1028 1.6354
1554.5000 88.1961 1.4925
1559.6000 88.3738 1.5706
1564.7000 87.7972 1.6147
1569.8000 87.9297 1.6473
1574.9000 87.1139 1.6869
1580.0000 87.5625 1.6760
1585.1000 87.8907 1.6005
1590.2000 87.6418 1.6115
1595.3000 87.2314 1.6262
1600.4000 87.0878 1.6245
1605.5000 87.8413 1.5650
1610.6000 87.8366 1.5107
1615.7000 87.2282 1.6799
1620.8000 87.3208 1.6668
1625.9000 86.8669 1.7643
1631.0000 87.4804 1.5381
1636.1000 87.1358 1.7732
1641.2000 87.5559 1.6377
1646.3000 87.2258 1.6118
1651.4000 88.2672 1.4482
1656.5000 87.8296 1.5637
1661.6000 88.0518 1.5541
1666.7000 88.1137 1.6301
1671.8000 88.1585 1.5359
1676.9000 88.0525 1.5501
1682.0000 88.1016 1.6107
1687.1000 88.0196 1.7865
1692.2000 88.0976 1.6531
1697.3000 88.3925 1.4750
1702.4000 88.0136 1.5560
1707.5000 88.3207 1.5639
1712.6000 88.7679 1.5362
1717.7000 88.6481 1.4951
1722.8000 89.5216 1.3095
1727.9000 89.0889 1.4282
1733.0000 89.2695 1.4290
1738.1000 89.3613 1.5515
1743.2000 88.5675 1.6149
1748.3000 89.1399 1.4917
1753.4000 88.8577 1.6394
1758.5000 89.1450 1.4768
1763.6000 88.8393 1.6820
1768.7000 89.0621 1.4533
1773.8000 89.1165 1.4096
1778.9000 89.1337 1.5430
1784.0000 89.2061 1.4137
1789.1000 88.6144 1.4713
1794.2000 89.2916 1.2616
1799.3000 89.1131 1.4367
1804.4000 88.8965 1.4506
1809.5000 87.9947 1.6935
1814.6000 88.0415 1.6993
1819.7000 88.1642 1.6284
1824.8000 88.6035 1.4166
1829.9000 88.9879 1.3845
1835.0000 88.7665 1.3730
1840.1000 88.2088 1.4858
1845.2000 88.3704 1.4391
1850.3000 89.1367 1.3747
1855.4000 89.5373 1.2666
1860.5000 89.7157 1.2462
1865.6000 89.8884 1.2392
1870.7000 89.3266 1.3311
1875.8000 89.9670 1.3160
1880.9000 89.8731 1.3253
1886.0000 89.4262 1.4816
1891.1000 89.2308 1.3935
1896.2000 89.4834 1.4076
1901.3000 89.1603 1.5092
1906.4000 89.0731 1.5318
1911.5000 89.6773 1.3293
1916.6000 89.5668 1.4222
1921.7000 89.8003 1.3837
1926.8000 89.5483 1.5080
1931.9000 89.5221 1.4813
1937.0000 89.4746 1.3980
1942.1000 89.2840 1.4990
1947.2000 89.9173 1.3262
1952.3000 89.9256 1.3609
1957.4000 89.1275 1.5586
1962.5000 89.5005 1.4024
1967.6000 89.1908 1.3757
1972.7000 88.8682 1.5770
1977.8000 88.4866 1.6238
1982.9000 88.7348 1.5679
1988.0000 88.6094 1.6538
1993.1000 88.3543 1.6339
1998.2000 88.3709 1.6746
2003.3000 88.6510 1.7014
2008.4000 88.7378 1.6941
2013.5000 89.3029 1.5630
2018.6000 89.2884 1.6974
2023.7000 89.9493 1.4375
2028.8000 89.8467 1.5306
2033.9000 90.2008 1.3195
2039.0000 89.5283 1.6507
2044.1000 89.7224 1.5424
2049.2000 89.6695 1.5408
2054.3000 90.0612 1.3171
2059.4000 89.6581 1.3959
2064.5000 89.5311 1.3658
2069.6000 90.2288 1.2355
2074.7000 89.1981 1.4750
2079.8000 89.6459 1.3049
2084.9000 89.2194 1.4721
2090.0000 89.3733 1.4441
2095.1000 89.3041 1.4072
2100.2000 88.7774 1.5987
2105.3000 88.3964 1.6922
2110.4000 88.4353 1.5382
2115.5000 88.6890 1.3663
2120.6000 88.4740 1.4323
2125.7000 88.0887 1.6112
2130.8000 88.1437 1.5299
2135.9000 87.7023 1.7903
2141.0000 88.5944 1.4808
2146.1000 88.9634 1.3741
2151.2000 88.8047 1.5904
2156.3000 88.8443 1.5305
2161.4000 88.6160 1.5135
2166.5000 87.8679 1.6848
2171.6000 88.9357 1.4738
2176.7000 89.0699 1.3509
2181.8000 89.0611 1.5497
2186.9000 89.7406 1.4295
2192.0000 89.3947 1.4650
2197.1000 89.8676 1.3245
2202.2000 89.5227 1.4096
2207.3000 89.1064 1.4875
2212.4000 89.1261 1.4240
2217.5000 89.3646 1.5672
2222.6000 88.4566 1.7913
2227.7000 88.7410 1.5146
2232.8000 88.4833 1.5762
2237.9000 88.7562 1.4778
2243.0000 88.4414 1.6283
2248.1000 88.8271 1.6047
2253.2000 88.4366 1.6212
2258.3000 87.8932 1.6641
2263.4000 88.5121 1.5140
2268.5000 88.5481 1.4302
2273.6000 88.9603 1.3590
2278.7000 88.8203 1.3649
2283.8000 88.1829 1.4952
2288.9000 88.3936 1.5413
2294.0000 88.3438 1.5317
2299.1000 88.6926 1.4991
2304.2000 89.4428 1.4662
2309.3000 89.4975 1.4904
2314.4000 89.3643 1.5300
2319.5000 89.2460 1.5028
2324.6000 89.4872 1.5265
2329.7000 89.2490 1.4674
2334.8000 89.5142 1.4435
2339.9000 89.5406 1.4428
2345.0000 89.4635 1.5460
2350.1000 89.8669 1.4234
2355.2000 89.6449 1.5183
2360.3000 89.6258 1.4994
2365.4000 89.2052 1.5538
2370.5000 89.3951 1.5176
2375.6000 89.2229 1.5760
2380.7000 89.1499 1.5923
2385.8000 89.4149 1.5670
2390.9000 88.9490 1.6854
2396.0000 89.5624 1.5333
2401.1000 89.2169 1.5259
2406.2000 88.7849 1.6490
2411.3000 89.0031 1.5677
2416.4000 88.9010 1.6310
2421.5000 89.2204 1.6257
2426.6000 89.7869 1.5195
2431.7000 89.7494 1.3622
2436.8000 88.8675 1.6624
2441.9000 88.3885 1.8139
2447.0000 89.2732 1.4753
2452.1000 89.6273 1.4673
2457.2000 90.0407 1.2825
2462.3000 89.7864 1.4052
2467.4000 89.1555 1.7195
2472.5000 89.2642 1.6486
2477.6000 89.3909 1.5502
2482.7000 89.5019 1.5287
2487.8000 89.0965 1.7549
2492.9000 89.3824 1.5347
2498.0000 88.8106 1.6927
2503.1000 88.7693 1.6730
2508.2000 88.6968 1.6828
2513.3000 88.8982 1.6840
2518.4000 89.5717 1.4895
2523.5000 89.9723 1.4166
2528.6000 89.8748 1.3489
2533.7000 89.3992 1.3956
2538.8000 89.8814 1.3512
2543.9000 89.6253 1.4387
2549.0000 89.5085 1.4960
2554.1000 89.4703 1.4132
2559.2000 89.6031 1.3624
2564.3000 89.2282 1.5250
2569.4000 89.3336 1.4742
2574.5000 89.2186 1.4530
2579.6000 89.3907 1.4493
2584.7000 89.0548 1.5164
2589.8000 88.9895 1.5140
2594.9000 88.6853 1.6420
2600.0000 88.4180 1.6800
2605.1000 89.2617 1.3297
2610.2000 89.2911 1.4628
2615.3000 89.5372 1.4212
2620.4000 89.0991 1.4719
2625.5000 89.4442 1.3869
2630.6000 89.4635 1.3997
2635.7000 89.2492 1.4416
2640.8000 88.4431 1.7307
2645.9000 88.8653 1.6778
2651.0000 88.7735 1.6938
2656.1000 89.1704 1.5317
2661.2000 88.9855 1.4716
2666.3000 88.5820 1.6266
2671.4000 88.9036 1.5853
2676.5000 88.1822 1.7915
2681.6000 88.2854 1.5522
2686.7000 88.1254 1.7748
2691.8000 88.9274 1.5791
2696.9000 89.4130 1.5458
2702.0000 89.1415 1.5127
2707.1000 89.3509 1.5626
2712.2000 88.9913 1.7001
2717.3000 89.1707 1.5276
2722.4000 89.7842 1.4235
2727.5000 89.4917 1.4611
2732.6000 88.8164 1.6148
2737.7000 88.0043 1.8807
2742.8000 88.5569 1.7239
2747.9000 89.1148 1.5594
2753.0000 89.4806 1.5441
2758.1000 89.3741 1.6063
2763.2000 88.4651 1.7219
2768.3000 88.8219 1.6495
2773.4000 89.0786 1.4940
2778.5000 89.3581 1.4730
2783.6000 89.0257 1.6320
2788.7000 89.8108 1.4708
2793.8000 89.2294 1.5551
2798.9000 88.8595 1.8192
2804.0000 89.7544 1.4375
2809.1000 89.9774 1.5414
2814.2000 90.4033 1.3795
2819.3000 90.3365 1.4209
2824.4000 90.3948 1.4555
2829.5000 90.3622 1.4481
2834.6000 90.3632 1.4188
2839.7000 90.9311 1.2837
2844.8000 90.4732 1.3852
2849.9000 89.7980 1.5896
2855.0000 89.8942 1.6044
2860.1000 90.9924 1.2291
2865.2000 90.8211 1.2057
2870.3000 90.7249 1.3104
2875.4000 89.9862 1.4444
2880.5000 89.8637 1.5938
2885.6000 89.5580 1.6422
2890.7000 89.7754 1.5317
2895.8000 89.9678 1.3359
2900.9000 90.1089 1.3778
2906.0000 90.0562 1.3877
2911.1000 89.9215 1.5261
2916.2000 90.6229 1.3098
2921.3000 90.8801 1.2482
2926.4000 89.9571 1.5118
2931.5000 90.3979 1.3374
2936.6000 89.9564 1.5283
2941.7000 90.6854 1.3019
2946.8000 90.1824 1.4911
2951.9000 90.1011 1.5369
2957.0000 90.4474 1.3771
2962.1000 90.2748 1.3502
2967.2000 90.8605 1.1957
2972.3000 90.0757 1.4591
2977.4000 90.5011 1.3655
2982.5000 90.7690 1.3041
2987.6000 90.4889 1.3995
2992.7000 89.9392 1.4642
2997.8000 90.0630 1.4594
3002.9000 89.8451 1.6425
3008.0000 89.4528 1.4742
3013.1000 89.7564 1.3720
3018.2000 90.1093 1.2211
3023.3000 88.9352 1.6304
3028.4000 89.5734 1.5808
3033.5000 89.6914 1.4769
3038.6000 88.7575 1.6166
3043.7000 89.6032 1.4138
3048.8000 89.9348 1.2946
3053.9000 89.2178 1.5659
3059.0000 89.6311 1.4583
3064.1000 89.8070 1.6035
3069.2000 89.6565 1.6532
3074.3000 89.6645 1.5646
3079.4000 90.1729 1.4381
3084.5000 89.6917 1.5380
3089.6000 89.9032 1.3603
3094.7000 90.1399 1.3564
3099.8000 90.1117 1.3546
3104.9000 89.2237 1.6068
3110.0000 89.8889 1.3754
3115.1000 90.0893 1.3476
3120.2000 89.2047 1.4742
3125.3000 89.3923 1.3536
3130.4000 89.3669 1.3153
3135.5000 89.9536 1.3118
3140.6000 89.5502 1.4236
3145.7000 89.9877 1.3041
3150.8000 90.0303 1.3512
3155.9000 90.4761 1.2720
3161.0000 91.1517 1.1439
3166.1000 90.3929 1.2317
3171.2000 90.9594 1.0881
3176.3000 89.9622 1.2536
3181.4000 90.6376 1.1802
3186.5000 90.8626 1.0354
3191.6000 89.8190 1.4280
3196.7000 89.9056 1.2882
3201.8000 89.8237 1.3656
3206.9000 89.7504 1.3823
3212.0000 89.4345 1.5764
3217.1000 89.7635 1.3272
3222.2000 89.8428 1.3735
3227.3000 90.2315 1.1892
3232.4000 90.3948 1.1853
3237.5000 89.8448 1.3921
3242.6000 89.9787 1.3274
3247.7000 89.7418 1.4124
3252.8000 89.3166 1.4301
3257.9000 89.5274 1.4575
3263.0000 89.4161 1.5566
3268.1000 89.4641 1.4839
3273.2000 90.1188 1.2394
3278.3000 89.0687 1.5044
3283.4000 90.0335 1.2791
3288.5000 89.7123 1.3888
3293.6000 88.9193 1.5383
3298.7000 89.3506 1.3948
3303.8000 89.4787 1.3896
3308.9000 89.1716 1.5035
3314.0000 89.8365 1.3077
3319.1000 89.2640 1.5307
3324.2000 89.3239 1.4683
3329.3000 89.8663 1.4048
3334.4000 89.5866 1.4432
3339.5000 89.8923 1.4038
3344.6000 89.6108 1.4342
3349.7000 89.6213 1.6082
3354.8000 90.1044 1.3721
3359.9000 90.1312 1.3852
3365.0000 89.6184 1.6184
3370.1000 90.1719 1.3761
3375.2000 90.4663 1.3903
3380.3000 90.3035 1.5764
3385.4000 90.1107 1.5337
3390.5000 90.7104 1.4542
3395.6000 90.3740 1.5006
3400.7000 90.6037 1.4376
3405.8000 90.8071 1.3078
3410.9000 90.4587 1.5127
3416.0000 90.3071 1.5163
3421.1000 90.0309 1.6282
3426.2000 90.1268 1.5143
3431.3000 90.4168 1.3304
3436.4000 89.8225 1.4854
3441.5000 90.1863 1.3952
3446.6000 90.1806 1.4803
3451.7000 90.4631 1.5291
3456.8000 90.5124 1.3579
3461.9000 90.4546 1.5397
3467.0000 89.7206 1.6262
3472.1000 90.2291 1.3639
3477.2000 90.6443 1.2414
3482.3000 90.2651 1.4194
3487.4000 89.9915 1.3943
3492.5000 90.7076 1.1057
3497.6000 90.4337 1.1749
3502.7000 89.8047 1.3304
3507.8000 89.6870 1.4572
3512.9000 90.0498 1.3625
3518.0000 90.5029 1.2840
3523.1000 90.6563 1.2972
3528.2000 91.4801 0.9839
3533.3000 91.1169 1.1787
3538.4000 90.5575 1.3004
3543.5000 90.4908 1.2770
3548.6000 90.9840 1.0363
3553.7000 90.6091 1.2852
3558.8000 90.9730 1.2005
3563.9000 90.6091 1.3120
3569.0000 91.4917 1.1181
3574.1000 90.5042 1.4639
3579.2000 91.2502 1.2130
3584.3000 90.3930 1.4345
3589.4000 90.5059 1.2727
3594.5000 90.1117 1.3973
3599.6000 89.8752 1.3490
