5.1000 0.0000 0.0000
10.2000 0.0000 0.0000
15.3000 0.0000 0.0000
20.3000 0.0000 0.0000
25.3000 0.0000 0.0000
30.3000 0.0000 0.0000
35.3000 0.0009 0.0000
40.3000 0.0035 0.0000
45.3000 0.0052 0.0000
50.3000 0.0052 0.0000
55.3000 0.0052 0.0000
60.3000 0.0092 0.0000
65.4000 0.0102 0.0000
70.5000 0.0102 0.0000
75.6000 0.0102 0.0000
80.7000 0.0102 0.0000
85.8000 0.0153 0.0000
90.9000 0.0163 0.0000
96.0000 0.0163 0.0000
101.1000 0.0173 0.0000
106.2000 0.0173 0.0000
111.3000 0.0173 0.0000
116.4000 0.0187 0.0001
121.5000 0.0187 0.0001
126.6000 0.0187 0.0001
131.7000 0.0187 0.0001
136.8000 0.0187 0.0001
141.9000 0.0187 0.0001
147.0000 0.0260 0.0001
152.1000 0.0260 0.0001
157.2000 0.0284 0.0001
162.3000 0.0317 0.0001
167.4000 0.0317 0.0001
172.5000 0.0556 0.0012
177.6000 0.0556 0.0012
182.7000 0.0578 0.0012
187.8000 0.0589 0.0013
192.9000 0.0589 0.0013
198.0000 0.0589 0.0013
203.1000 0.0598 0.0013
208.2000 0.0615 0.0013
213.3000 0.0623 0.0013
218.4000 0.0623 0.0013
223.5000 0.0632 0.0013
228.6000 0.0632 0.0013
233.7000 0.0657 0.0013
238.8000 0.0657 0.0013
243.9000 0.0657 0.0013
249.0000 0.0705 0.0013
254.1000 0.0721 0.0013
259.1000 0.0721 0.0013
264.1000 0.0721 0.0013
269.1000 0.0746 0.0013
274.1000 0.0763 0.0013
279.1000 0.0763 0.0013
284.1000 0.0763 0.0013
289.1000 0.0763 0.0013
294.1000 0.0826 0.0013
299.1000 0.0826 0.0013
304.1000 0.0846 0.0013
309.1000 0.0846 0.0013
314.1000 0.0846 0.0013
319.1000 0.0846 0.0013
324.1000 0.0860 0.0013
329.1000 0.0860 0.0013
334.1000 0.0860 0.0013
339.1000 0.0860 0.0013
344.1000 0.0875 0.0013
349.1000 0.0920 0.0014
354.1000 0.0949 0.0014
359.1000 0.0949 0.0014
364.1000 0.0949 0.0014
369.1000 0.0949 0.0014
374.1000 0.0949 0.0014
379.1000 0.0960 0.0014
384.1000 0.0993 0.0014
389.1000 0.1002 0.0014
394.1000 0.1002 0.0014
399.1000 0.1002 0.0014
404.1000 0.1010 0.0014
409.1000 0.1050 0.0014
414.1000 0.1050 0.0014
419.1000 0.1076 0.0014
424.1000 0.1076 0.0014
429.1000 0.1087 0.0014
434.1000 0.1111 0.0015
439.1000 0.1124 0.0015
444.1000 0.1136 0.0015
449.1000 0.1144 0.0015
454.1000 0.1152 0.0015
459.1000 0.1152 0.0015
464.1000 0.1177 0.0015
469.1000 0.1224 0.0015
474.1000 0.1224 0.0015
479.1000 0.1236 0.0015
484.1000 0.1236 0.0015
489.1000 0.1236 0.0015
494.1000 0.1247 0.0015
499.1000 0.1275 0.0015
504.1000 0.1287 0.0015
509.1000 0.1297 0.0015
514.1000 0.1309 0.0015
519.1000 0.1309 0.0015
524.1000 0.1334 0.0015
529.1000 0.1347 0.0015
534.1000 0.1347 0.0015
539.1000 0.1347 0.0015
544.1000 0.1347 0.0015
549.1000 0.1357 0.0015
554.1000 0.1357 0.0015
559.1000 0.1387 0.0015
564.1000 0.1398 0.0015
569.1000 0.1398 0.0015
574.1000 0.1421 0.0015
579.1000 0.1421 0.0015
584.1000 0.1479 0.0016
589.1000 0.1523 0.0016
594.1000 0.1523 0.0016
599.1000 0.1523 0.0016
604.1000 0.1523 0.0016
609.1000 0.1537 0.0016
614.1000 0.1594 0.0016
619.1000 0.1594 0.0016
624.1000 0.1594 0.0016
629.1000 0.1609 0.0016
634.1000 0.1609 0.0016
639.1000 0.1609 0.0016
644.1000 0.1667 0.0016
649.1000 0.1667 0.0016
654.1000 0.1667 0.0016
659.1000 0.1667 0.0016
664.1000 0.1667 0.0016
669.1000 0.1675 0.0016
674.1000 0.1675 0.0016
679.1000 0.1675 0.0016
684.1000 0.1675 0.0016
689.1000 0.1675 0.0016
694.1000 0.1687 0.0016
699.1000 0.1708 0.0017
704.1000 0.1718 0.0016
709.1000 0.1718 0.0016
714.1000 0.1718 0.0016
719.1000 0.1718 0.0016
724.1000 0.1718 0.0016
729.1000 0.1735 0.0016
734.1000 0.1768 0.0017
739.1000 0.1768 0.0017
744.1000 0.1784 0.0017
749.1000 0.1784 0.0017
754.1000 0.1792 0.0017
759.1000 0.1830 0.0017
764.1000 0.1830 0.0017
769.1000 0.1840 0.0017
774.1000 0.1855 0.0017
779.1000 0.1869 0.0017
784.1000 0.1869 0.0017
789.1000 0.1880 0.0017
794.1000 0.1896 0.0017
799.1000 0.1896 0.0017
804.1000 0.1911 0.0017
809.1000 0.1911 0.0017
814.1000 0.1919 0.0017
819.1000 0.1976 0.0018
824.1000 0.2005 0.0018
829.1000 0.2041 0.0018
834.1000 0.2041 0.0018
839.1000 0.2041 0.0018
844.1000 0.2063 0.0018
849.1000 0.2074 0.0018
854.1000 0.2108 0.0018
859.1000 0.2108 0.0018
864.1000 0.2119 0.0018
869.1000 0.2130 0.0018
874.1000 0.2130 0.0018
879.1000 0.2130 0.0018
884.1000 0.2152 0.0018
889.1000 0.2174 0.0018
894.1000 0.2206 0.0018
899.1000 0.2206 0.0018
904.1000 0.2206 0.0018
909.1000 0.2206 0.0018
914.1000 0.2216 0.0018
919.1000 0.2227 0.0018
924.1000 0.2227 0.0018
929.1000 0.2227 0.0018
934.1000 0.2247 0.0019
939.1000 0.2247 0.0019
944.1000 0.2247 0.0019
949.1000 0.2259 0.0019
954.1000 0.2259 0.0019
959.1000 0.2259 0.0019
964.1000 0.2259 0.0019
969.1000 0.2259 0.0019
974.1000 0.2259 0.0019
979.1000 0.2294 0.0019
984.1000 0.2305 0.0019
989.1000 0.2305 0.0019
994.1000 0.2326 0.0019
999.1000 0.2360 0.0019
1004.1000 0.2372 0.0019
1009.1000 0.2418 0.0019
1014.1000 0.2454 0.0019
1019.1000 0.2465 0.0020
1024.1000 0.2476 0.0020
1029.2000 0.2476 0.0020
1034.3000 0.2476 0.0020
1039.4000 0.2492 0.0020
1044.5000 0.2492 0.0020
1049.6000 0.2502 0.0020
1054.7000 0.2502 0.0020
1059.8000 0.2502 0.0020
1064.9000 0.2550 0.0020
1070.0000 0.2550 0.0020
1075.1000 0.2562 0.0020
1080.2000 0.2562 0.0020
1085.3000 0.2574 0.0020
1090.4000 0.2574 0.0020
1095.5000 0.2916 0.0079
1100.6000 0.2977 0.0080
1105.7000 0.2992 0.0080
1110.8000 0.3009 0.0080
1115.9000 0.3009 0.0080
1121.0000 0.3040 0.0080
1126.1000 0.3068 0.0080
1131.2000 0.3098 0.0080
1136.3000 0.3098 0.0080
1141.4000 0.3098 0.0080
1146.5000 0.3098 0.0080
1151.6000 0.3098 0.0080
1156.7000 0.3155 0.0080
1161.8000 0.3168 0.0080
1166.9000 0.3168 0.0080
1172.0000 0.3168 0.0080
1177.1000 0.3168 0.0080
1182.2000 0.3168 0.0080
1187.3000 0.3218 0.0080
1192.4000 0.3218 0.0080
1197.5000 0.3261 0.0081
1202.6000 0.3273 0.0081
1207.7000 0.3273 0.0081
1212.8000 0.3286 0.0081
1217.9000 0.3321 0.0081
1223.0000 0.3321 0.0081
1228.1000 0.3335 0.0081
1233.2000 0.3358 0.0081
1238.3000 0.3358 0.0081
1243.4000 0.3358 0.0081
1248.5000 0.3384 0.0081
1253.6000 0.3411 0.0081
1258.7000 0.3425 0.0081
1263.8000 0.3425 0.0081
1268.9000 0.3439 0.0081
1274.0000 0.3439 0.0081
1279.1000 0.3439 0.0081
1284.2000 0.3468 0.0082
1289.3000 0.3496 0.0082
1294.4000 0.3511 0.0082
1299.5000 0.3525 0.0082
1304.6000 0.3525 0.0082
1309.7000 0.3555 0.0082
1314.8000 0.3597 0.0082
1319.9000 0.3607 0.0082
1325.0000 0.3607 0.0082
1330.1000 0.3607 0.0082
1335.2000 0.3618 0.0082
1340.3000 0.3618 0.0082
1345.4000 0.3634 0.0082
1350.5000 0.3651 0.0082
1355.6000 0.3651 0.0082
1360.7000 0.3651 0.0082
1365.8000 0.3651 0.0082
1370.9000 0.3667 0.0082
1376.0000 0.3667 0.0082
1381.1000 0.3678 0.0082
1386.2000 0.3699 0.0083
1391.3000 0.3710 0.0083
1396.4000 0.3726 0.0083
1401.5000 0.3726 0.0083
1406.6000 0.3726 0.0083
1411.7000 0.3739 0.0083
1416.8000 0.3739 0.0083
1421.9000 0.3739 0.0083
1427.0000 0.3756 0.0083
1432.1000 0.3756 0.0083
1437.2000 0.3766 0.0083
1442.3000 0.3788 0.0083
1447.4000 0.3788 0.0083
1452.5000 0.3821 0.0083
1457.6000 0.3821 0.0083
1462.7000 0.3844 0.0083
1467.8000 0.3854 0.0083
1472.9000 0.3864 0.0083
1478.0000 0.3864 0.0083
1483.1000 0.3910 0.0083
1488.2000 0.3930 0.0083
1493.3000 0.3930 0.0083
1498.4000 0.3951 0.0084
1503.5000 0.3961 0.0084
1508.6000 0.3971 0.0084
1513.7000 0.3982 0.0084
1518.8000 0.3982 0.0084
1523.9000 0.3982 0.0084
1529.0000 0.4020 0.0084
1534.1000 0.4020 0.0084
1539.2000 0.4038 0.0084
1544.3000 0.4038 0.0084
1549.4000 0.4038 0.0084
1554.5000 0.4048 0.0084
1559.6000 0.4048 0.0084
1564.7000 0.4094 0.0084
1569.8000 0.4094 0.0084
1574.9000 0.4094 0.0084
1580.0000 0.4094 0.0084
1585.1000 0.4104 0.0085
1590.2000 0.4162 0.0085
1595.3000 0.4162 0.0085
1600.4000 0.4178 0.0085
1605.5000 0.4178 0.0085
1610.6000 0.4189 0.0085
1615.7000 0.4189 0.0085
1620.8000 0.4262 0.0085
1625.9000 0.4262 0.0085
1631.0000 0.4262 0.0085
1636.1000 0.4276 0.0085
1641.2000 0.4276 0.0085
1646.3000 0.4290 0.0085
1651.4000 0.4302 0.0085
1656.5000 0.4302 0.0085
1661.6000 0.4330 0.0085
1666.7000 0.4344 0.0085
1671.8000 0.4344 0.0085
1676.9000 0.4344 0.0085
1682.0000 0.4373 0.0085
1687.1000 0.4386 0.0085
1692.2000 0.4413 0.0086
1697.3000 0.4413 0.0086
1702.4000 0.4413 0.0086
1707.5000 0.4472 0.0086
1712.6000 0.4472 0.0086
1717.7000 0.4497 0.0086
1722.8000 0.4525 0.0086
1727.9000 0.4525 0.0086
1733.0000 0.4525 0.0086
1738.1000 0.4525 0.0086
1743.2000 0.4567 0.0086
1748.3000 0.4567 0.0086
1753.4000 0.4567 0.0086
1758.5000 0.4581 0.0086
1763.6000 0.4581 0.0086
1768.7000 0.4581 0.0086
1773.8000 0.4595 0.0086
1778.9000 0.4610 0.0086
1784.0000 0.4610 0.0086
1789.1000 0.4624 0.0086
1794.2000 0.4653 0.0087
1799.3000 0.4653 0.0087
1804.4000 0.4678 0.0087
1809.5000 0.4719 0.0087
1814.6000 0.4719 0.0087
1819.7000 0.4719 0.0087
1824.8000 0.4719 0.0087
1829.9000 0.4766 0.0087
1835.0000 0.4766 0.0087
1840.1000 0.4798 0.0088
1845.2000 0.4825 0.0088
1850.3000 0.4840 0.0088
1855.4000 0.4889 0.0089
1860.5000 0.4901 0.0089
1865.6000 0.4913 0.0089
1870.7000 0.4925 0.0089
1875.8000 0.4925 0.0089
1880.9000 0.4925 0.0089
1886.0000 0.4967 0.0090
1891.1000 0.4988 0.0090
1896.2000 0.4988 0.0090
1901.3000 0.4988 0.0090
1906.4000 0.4988 0.0090
1911.5000 0.5018 0.0090
1916.6000 0.5018 0.0090
1921.7000 0.5038 0.0090
1926.8000 0.5038 0.0090
1931.9000 0.5038 0.0090
1937.0000 0.5038 0.0090
1942.1000 0.5057 0.0090
1947.2000 0.5069 0.0090
1952.3000 0.5069 0.0090
1957.4000 0.5081 0.0090
1962.5000 0.5081 0.0090
1967.6000 0.5081 0.0090
1972.7000 0.5093 0.0090
1977.8000 0.5093 0.0090
1982.9000 0.5116 0.0090
1988.0000 0.5141 0.0091
1993.1000 0.5170 0.0091
1998.2000 0.5206 0.0091
2003.3000 0.5206 0.0091
2008.4000 0.5206 0.0091
2013.5000 0.5217 0.0092
2018.6000 0.5457 0.0167
2023.7000 0.5516 0.0167
2028.8000 0.5516 0.0167
2033.9000 0.5516 0.0167
2039.0000 0.5528 0.0167
2044.1000 0.5528 0.0167
2049.2000 0.5539 0.0167
2054.3000 0.5564 0.0167
2059.4000 0.5589 0.0168
2064.5000 0.5601 0.0168
2069.6000 0.5601 0.0168
2074.7000 0.5626 0.0168
2079.8000 0.5626 0.0168
2084.9000 0.5626 0.0168
2090.0000 0.5638 0.0168
2095.1000 0.5638 0.0168
2100.2000 0.5650 0.0168
2105.3000 0.5650 0.0168
2110.4000 0.5650 0.0168
2115.5000 0.5650 0.0168
2120.6000 0.5674 0.0168
2125.7000 0.5674 0.0168
2130.8000 0.5674 0.0168
2135.9000 0.5698 0.0168
2141.0000 0.5698 0.0168
2146.1000 0.5748 0.0168
2151.2000 0.5748 0.0168
2156.3000 0.5760 0.0168
2161.4000 0.5797 0.0169
2166.5000 0.5834 0.0169
2171.6000 0.5846 0.0169
2176.7000 0.5855 0.0169
2181.8000 0.5855 0.0169
2186.9000 0.5855 0.0169
2192.0000 0.5855 0.0169
2197.1000 0.5855 0.0169
2202.2000 0.5900 0.0170
2207.3000 0.5926 0.0170
2212.4000 0.5934 0.0170
2217.5000 0.5943 0.0170
2222.6000 0.5943 0.0170
2227.7000 0.5943 0.0170
2232.8000 0.5962 0.0170
2237.9000 0.5962 0.0170
2243.0000 0.5962 0.0170
2248.1000 0.5962 0.0170
2253.2000 0.5962 0.0170
2258.3000 0.5962 0.0170
2263.4000 0.5978 0.0170
2268.5000 0.5978 0.0170
2273.6000 0.6018 0.0170
2278.7000 0.6018 0.0170
2283.8000 0.6018 0.0170
2288.9000 0.6031 0.0170
2294.0000 0.6056 0.0170
2299.1000 0.6068 0.0170
2304.2000 0.6081 0.0170
2309.3000 0.6103 0.0170
2314.4000 0.6119 0.0171
2319.5000 0.6135 0.0171
2324.6000 0.6164 0.0171
2329.7000 0.6193 0.0171
2334.8000 0.6193 0.0171
2339.9000 0.6202 0.0171
2345.0000 0.6202 0.0171
2350.1000 0.6218 0.0172
2355.2000 0.6230 0.0172
2360.3000 0.6230 0.0172
2365.4000 0.6240 0.0172
2370.5000 0.6240 0.0172
2375.6000 0.6240 0.0172
2380.7000 0.6293 0.0172
2385.8000 0.6293 0.0172
2390.9000 0.6303 0.0172
2396.0000 0.6314 0.0172
2401.1000 0.6314 0.0172
2406.2000 0.6314 0.0172
2411.3000 0.6326 0.0173
2416.4000 0.6352 0.0173
2421.5000 0.6352 0.0173
2426.6000 0.6364 0.0174
2431.7000 0.6364 0.0174
2436.8000 0.6364 0.0174
2441.9000 0.6394 0.0174
2447.0000 0.6405 0.0174
2452.1000 0.6448 0.0175
2457.2000 0.6461 0.0175
2462.3000 0.6486 0.0176
2467.4000 0.6497 0.0176
2472.5000 0.6497 0.0176
2477.6000 0.6497 0.0176
2482.7000 0.6497 0.0176
2487.8000 0.6521 0.0176
2492.9000 0.6567 0.0177
2498.0000 0.6567 0.0177
2503.1000 0.6567 0.0177
2508.2000 0.6598 0.0177
2513.3000 0.6598 0.0177
2518.4000 0.6598 0.0177
2523.5000 0.6611 0.0177
2528.6000 0.6662 0.0177
2533.7000 0.6662 0.0177
2538.8000 0.6675 0.0178
2543.9000 0.6689 0.0178
2549.0000 0.6699 0.0178
2554.1000 0.6710 0.0178
2559.2000 0.6732 0.0178
2564.3000 0.6743 0.0178
2569.4000 0.6753 0.0178
2574.5000 0.6764 0.0178
2579.6000 0.6764 0.0178
2584.7000 0.6813 0.0179
2589.8000 0.6813 0.0179
2594.9000 0.6824 0.0179
2600.0000 0.6824 0.0179
2605.1000 0.6835 0.0179
2610.2000 0.6835 0.0179
2615.3000 0.6849 0.0179
2620.4000 0.6857 0.0179
2625.5000 0.6883 0.0179
2630.6000 0.6892 0.0179
2635.7000 0.6892 0.0179
2640.8000 0.6892 0.0179
2645.9000 0.6905 0.0179
2651.0000 0.6935 0.0179
2656.1000 0.6973 0.0180
2661.2000 0.6973 0.0180
2666.3000 0.6990 0.0180
2671.4000 0.6990 0.0180
2676.5000 0.6990 0.0180
2681.6000 0.7035 0.0179
2686.7000 0.7065 0.0179
2691.8000 0.7080 0.0179
2696.9000 0.7080 0.0179
2702.0000 0.7080 0.0179
2707.1000 0.7080 0.0179
2712.2000 0.7080 0.0179
2717.3000 0.7103 0.0180
2722.4000 0.7115 0.0180
2727.5000 0.7115 0.0180
2732.6000 0.7115 0.0180
2737.7000 0.7115 0.0180
2742.8000 0.7127 0.0180
2747.9000 0.7137 0.0180
2753.0000 0.7137 0.0180
2758.1000 0.7149 0.0180
2763.2000 0.7161 0.0180
2768.3000 0.7161 0.0180
2773.4000 0.7161 0.0180
2778.5000 0.7161 0.0180
2783.6000 0.7173 0.0180
2788.7000 0.7173 0.0180
2793.8000 0.7173 0.0180
2798.9000 0.7173 0.0180
2804.0000 0.7173 0.0180
2809.1000 0.7198 0.0181
2814.2000 0.7241 0.0181
2819.3000 0.7271 0.0181
2824.4000 0.7283 0.0182
2829.5000 0.7298 0.0182
2834.6000 0.7326 0.0182
2839.7000 0.7326 0.0182
2844.8000 0.7367 0.0183
2849.9000 0.7386 0.0183
2855.0000 0.7386 0.0183
2860.1000 0.7396 0.0183
2865.2000 0.7417 0.0183
2870.3000 0.7417 0.0183
2875.4000 0.7485 0.0184
2880.5000 0.7485 0.0184
2885.6000 0.7494 0.0184
2890.7000 0.7494 0.0184
2895.8000 0.7507 0.0184
2900.9000 0.7529 0.0184
2906.0000 0.7559 0.0185
2911.1000 0.7559 0.0185
2916.2000 0.7559 0.0185
2921.3000 0.7559 0.0185
2926.4000 0.7559 0.0185
2931.5000 0.7603 0.0185
2936.6000 0.7626 0.0185
2941.7000 0.7647 0.0186
2946.8000 0.7647 0.0186
2951.9000 0.7647 0.0186
2957.0000 0.7663 0.0185
2962.1000 0.7663 0.0185
2967.2000 0.7663 0.0185
2972.3000 0.7663 0.0185
2977.4000 0.7680 0.0185
2982.5000 0.7761 0.0186
2987.6000 0.7777 0.0186
2992.7000 0.7793 0.0187
2997.8000 0.7793 0.0187
3002.9000 0.7825 0.0187
3008.0000 0.7825 0.0187
3013.1000 0.7839 0.0187
3018.2000 0.7839 0.0187
3023.3000 0.7855 0.0187
3028.4000 0.7855 0.0187
3033.5000 0.7855 0.0187
3038.6000 0.7882 0.0188
3043.7000 0.7882 0.0188
3048.8000 0.7909 0.0188
3053.9000 0.7909 0.0188
3059.0000 0.7936 0.0188
3064.1000 0.7936 0.0188
3069.2000 0.7950 0.0188
3074.3000 0.8027 0.0189
3079.4000 0.8054 0.0190
3084.5000 0.8068 0.0190
3089.6000 0.8068 0.0190
3094.7000 0.8068 0.0190
3099.8000 0.8068 0.0190
3104.9000 0.8087 0.0190
3110.0000 0.8120 0.0190
3115.1000 0.8120 0.0190
3120.2000 0.8120 0.0190
3125.3000 0.8130 0.0190
3130.4000 0.8170 0.0191
3135.5000 0.8193 0.0191
3140.6000 0.8206 0.0191
3145.7000 0.8206 0.0191
3150.8000 0.8206 0.0191
3155.9000 0.8236 0.0192
3161.0000 0.8246 0.0192
3166.1000 0.8260 0.0192
3171.2000 0.8260 0.0192
3176.3000 0.8260 0.0192
3181.4000 0.8260 0.0192
3186.5000 0.8280 0.0192
3191.6000 0.8289 0.0192
3196.7000 0.8289 0.0192
3201.8000 0.8289 0.0192
3206.9000 0.8289 0.0192
3212.0000 0.8289 0.0192
3217.1000 0.8289 0.0192
3222.2000 0.8326 0.0193
3227.3000 0.8326 0.0193
3232.4000 0.8326 0.0193
3237.5000 0.8326 0.0193
3242.6000 0.8326 0.0193
3247.7000 0.8335 0.0193
3252.8000 0.8351 0.0193
3257.9000 0.8364 0.0193
3263.0000 0.8376 0.0194
3268.1000 0.8394 0.0194
3273.2000 0.8410 0.0194
3278.3000 0.8433 0.0195
3283.4000 0.8454 0.0195
3288.5000 0.8466 0.0195
3293.6000 0.8466 0.0195
3298.7000 0.8482 0.0195
3303.8000 0.8491 0.0195
3308.9000 0.8519 0.0195
3314.0000 0.8583 0.0196
3319.1000 0.8919 0.0338
3324.2000 0.8931 0.0339
3329.3000 0.8931 0.0339
3334.4000 0.8931 0.0339
3339.5000 0.8931 0.0339
3344.6000 0.8945 0.0339
3349.7000 0.8945 0.0339
3354.8000 0.8945 0.0339
3359.9000 0.8945 0.0339
3365.0000 0.8945 0.0339
3370.1000 0.8958 0.0339
3375.2000 0.9216 0.0351
3380.3000 0.9216 0.0351
3385.4000 0.9229 0.0351
3390.5000 0.9229 0.0351
3395.6000 0.9229 0.0351
3400.7000 0.9280 0.0351
3405.8000 0.9293 0.0352
3410.9000 0.9293 0.0352
3416.0000 0.9293 0.0352
3421.1000 0.9318 0.0352
3426.2000 0.9352 0.0352
3431.3000 0.9373 0.0352
3436.4000 0.9373 0.0352
3441.5000 0.9373 0.0352
3446.6000 0.9396 0.0352
3451.7000 0.9409 0.0353
3456.8000 0.9442 0.0354
3461.9000 0.9766 0.0373
3467.0000 0.9786 0.0373
3472.1000 0.9796 0.0373
3477.2000 0.9796 0.0373
3482.3000 0.9837 0.0374
3487.4000 0.9846 0.0374
3492.5000 0.9862 0.0374
3497.6000 0.9876 0.0374
3502.7000 0.9907 0.0375
3507.8000 0.9916 0.0375
3512.9000 0.9916 0.0375
3518.0000 0.9943 0.0375
3523.1000 0.9951 0.0375
3528.2000 0.9982 0.0376
3533.3000 0.9982 0.0376
3538.4000 0.9982 0.0376
3543.5000 1.0291 0.0393
3548.6000 1.0311 0.0393
3553.7000 1.0326 0.0394
3558.8000 1.0326 0.0394
3563.9000 1.0326 0.0394
3569.0000 1.0342 0.0394
3574.1000 1.0342 0.0394
3579.2000 1.0351 0.0395
3584.3000 1.0370 0.0395
3589.4000 1.0370 0.0395
3594.5000 1.0370 0.0395
3599.6000 1.0370 0.0395
