5.1000 0.0000 0.0000
10.2000 0.0000 0.0000
15.3000 0.0000 0.0000
20.3000 0.0000 0.0000
25.3000 0.0000 0.0000
30.3000 0.0000 0.0000
35.3000 0.0865 0.0182
40.3000 0.3459 0.0721
45.3000 0.7783 0.1589
50.3000 0.8648 0.1758
55.3000 1.3837 0.2740
60.3000 2.6676 0.5122
65.4000 4.0806 0.7235
70.5000 4.9455 0.8287
75.6000 5.3779 0.8756
80.7000 5.7677 0.9257
85.8000 6.7466 1.3802
90.9000 7.6684 1.6275
96.0000 8.6481 1.9597
101.1000 9.4834 2.1701
106.2000 10.4623 2.5093
111.3000 12.1625 3.0113
116.4000 12.9149 3.1025
121.5000 13.5194 3.3481
126.6000 14.7211 3.5944
131.7000 15.8351 3.9506
136.8000 16.4256 4.0736
141.9000 16.7282 4.1335
147.0000 17.6096 4.5994
152.1000 18.4409 4.8950
157.2000 19.8583 5.4897
162.3000 20.6459 5.8480
167.4000 21.9545 6.4405
172.5000 24.8345 7.5556
177.6000 26.7813 9.2042
182.7000 30.2335 11.7050
187.8000 32.2783 13.0488
192.9000 34.9955 14.7367
198.0000 38.0062 15.2500
203.1000 39.7058 15.9575
208.2000 41.5909 16.6454
213.3000 42.9184 17.0096
218.4000 44.0806 16.9109
223.5000 45.5610 16.8627
228.6000 45.7048 16.8534
233.7000 46.3971 16.8608
238.8000 46.9913 16.7956
243.9000 47.1351 16.7821
249.0000 48.2799 17.1330
254.1000 48.9136 17.4978
259.1000 49.8402 17.8436
264.1000 50.7987 18.4044
269.1000 51.5815 18.7418
274.1000 52.1886 18.8642
279.1000 53.8500 18.8042
284.1000 55.0534 19.1660
289.1000 55.8426 19.0843
294.1000 56.1621 19.2349
299.1000 56.6519 18.9762
304.1000 57.5358 19.1308
309.1000 57.6956 19.1218
314.1000 57.6956 19.1218
319.1000 57.8553 19.1915
324.1000 58.1330 19.3017
329.1000 58.9317 19.6378
334.1000 58.9317 19.6378
339.1000 59.0915 19.7035
344.1000 59.2094 19.7421
349.1000 59.2452 19.7643
354.1000 59.2870 19.7909
359.1000 60.0858 20.1087
364.1000 60.4862 20.1504
369.1000 61.2690 20.3362
374.1000 61.5885 20.4521
379.1000 61.6133 20.5585
384.1000 62.2275 20.6779
389.1000 62.5410 20.7837
394.1000 62.5380 20.7817
399.1000 62.8400 20.8462
404.1000 62.8430 20.8482
409.1000 62.5729 20.7070
414.1000 62.5612 20.6557
419.1000 62.6738 20.6647
424.1000 62.4838 20.6056
429.1000 62.5079 20.7332
434.1000 63.1161 20.9035
439.1000 63.0874 20.8259
444.1000 62.8711 20.8191
449.1000 63.2378 20.9068
454.1000 63.2300 20.8714
459.1000 63.5002 20.9796
464.1000 63.6369 20.9290
469.1000 63.3957 20.8297
474.1000 62.8101 20.6259
479.1000 62.3567 20.4114
484.1000 62.9385 20.5203
489.1000 62.9230 20.4801
494.1000 62.6665 20.4663
499.1000 62.8976 20.4856
504.1000 62.8549 20.5347
509.1000 63.5888 20.5897
514.1000 64.5169 20.6406
519.1000 64.5774 20.6650
524.1000 64.4772 20.6652
529.1000 64.4676 20.6762
534.1000 64.0804 20.5394
539.1000 63.7097 20.4458
544.1000 64.5352 20.3070
549.1000 64.3012 20.2991
554.1000 63.5130 20.0554
559.1000 63.9068 20.1604
564.1000 65.1491 19.7182
569.1000 65.3808 19.5320
574.1000 65.5360 19.5951
579.1000 65.8750 19.7735
584.1000 66.3081 19.9572
589.1000 66.6195 20.0213
594.1000 68.6200 18.8411
599.1000 70.8112 18.2017
604.1000 70.2853 18.1452
609.1000 71.2982 17.8061
614.1000 73.1784 16.6191
619.1000 73.3559 16.3283
624.1000 73.9122 16.3719
629.1000 76.0099 15.1006
634.1000 77.0495 14.9623
639.1000 83.0428 10.9990
644.1000 84.2788 10.3350
649.1000 84.0946 10.3711
654.1000 84.6582 10.0656
659.1000 85.1027 9.5360
664.1000 85.2203 9.4021
669.1000 85.8043 8.7629
674.1000 86.5505 7.9113
679.1000 88.1478 6.9302
684.1000 88.6441 6.3606
689.1000 88.8939 6.3005
694.1000 88.8209 6.1359
699.1000 88.4953 6.2240
704.1000 88.9423 5.8569
709.1000 89.4644 5.7345
714.1000 90.3358 5.0223
719.1000 90.4424 4.7677
724.1000 91.1184 4.2743
729.1000 90.6000 4.3869
734.1000 90.9984 4.3766
739.1000 90.8006 4.4047
744.1000 91.1576 4.0378
749.1000 91.0113 4.0183
754.1000 91.4080 3.8289
759.1000 91.3358 3.4761
764.1000 91.5883 3.3498
769.1000 92.0673 2.8799
774.1000 91.7920 2.5377
779.1000 92.2477 2.0961
784.1000 92.5013 2.0326
789.1000 92.8037 1.9733
794.1000 93.3128 1.3520
799.1000 92.8221 1.5777
804.1000 93.8562 1.2433
809.1000 94.0117 1.2667
814.1000 93.7625 1.3722
819.1000 93.5203 1.3147
824.1000 93.1217 1.4097
829.1000 92.9161 1.4955
834.1000 92.9320 1.4431
839.1000 93.4756 1.4500
844.1000 94.0879 1.3101
849.1000 93.1338 1.6740
854.1000 93.0567 1.6021
859.1000 92.9647 1.6661
864.1000 93.1456 1.5530
869.1000 93.1820 1.4709
874.1000 92.9181 1.4584
879.1000 92.7591 1.3960
884.1000 92.3795 1.4753
889.1000 92.2997 1.4957
894.1000 92.0628 1.6619
899.1000 92.2944 1.5248
904.1000 92.3192 1.5934
909.1000 91.8848 1.7317
914.1000 92.0524 1.5591
919.1000 91.6348 1.6377
924.1000 91.9389 1.4300
929.1000 92.4738 1.3317
934.1000 92.7357 1.2894
939.1000 92.1209 1.4082
944.1000 92.2430 1.4779
949.1000 92.3744 1.3819
954.1000 93.0608 1.3329
959.1000 93.0663 1.2821
964.1000 93.0657 1.2895
969.1000 93.7576 1.1344
974.1000 93.6943 1.1149
979.1000 93.6573 1.1842
984.1000 93.2804 1.3410
989.1000 93.2336 1.4873
994.1000 92.7930 1.5586
999.1000 93.1045 1.4462
1004.1000 93.1182 1.4845
1009.1000 93.6496 1.2739
1014.1000 93.5546 1.1746
1019.1000 92.6170 1.5592
1024.1000 92.7080 1.4982
1029.2000 92.6183 1.3566
1034.3000 92.1376 1.5113
1039.4000 93.3412 1.2306
1044.5000 92.4184 1.5745
1049.6000 92.5313 1.3780
1054.7000 92.8921 1.4797
1059.8000 92.8351 1.4509
1064.9000 93.0448 1.4215
1070.0000 93.1881 1.3817
1075.1000 93.3844 1.3871
1080.2000 94.1461 1.0937
1085.3000 94.1332 1.0785
1090.4000 93.5780 1.2661
1095.5000 93.7317 1.1712
1100.6000 93.5292 1.2884
1105.7000 94.3352 0.9140
1110.8000 94.1061 0.9689
1115.9000 94.7096 0.8532
1121.0000 94.0406 1.0276
1126.1000 94.1795 0.9647
1131.2000 93.9571 0.9610
1136.3000 93.6711 1.0470
1141.4000 93.9626 0.9961
1146.5000 93.2403 1.2953
1151.6000 94.2507 1.0266
1156.7000 94.2196 1.0098
1161.8000 94.1887 0.9705
1166.9000 93.2804 1.3167
1172.0000 93.9483 1.0136
1177.1000 93.6591 1.1443
1182.2000 93.0859 1.2212
1187.3000 93.4858 1.0737
1192.4000 93.3824 1.0845
1197.5000 93.4952 1.0869
1202.6000 93.9690 0.9187
1207.7000 93.8756 0.9137
1212.8000 93.6757 1.0957
1217.9000 93.5225 1.0591
1223.0000 93.6264 0.9767
1228.1000 93.7797 0.9810
1233.2000 93.2792 1.1048
1238.3000 93.6530 1.0511
1243.4000 92.7987 1.2189
1248.5000 92.8471 1.1178
1253.6000 92.2896 1.2747
1258.7000 92.9331 1.1347
1263.8000 93.3673 1.0080
1268.9000 92.9364 0.9934
1274.0000 91.9067 1.2335
1279.1000 92.7678 1.0339
1284.2000 92.8937 1.1410
1289.3000 92.1637 1.3700
1294.4000 92.9787 0.9833
1299.5000 92.4634 1.0926
1304.6000 92.2070 1.1218
1309.7000 92.0340 1.1516
1314.8000 91.8947 1.2147
1319.9000 91.9992 1.2093
1325.0000 91.6763 1.3328
1330.1000 91.5956 1.2816
1335.2000 91.8330 1.1517
1340.3000 91.1774 1.3389
1345.4000 90.9890 1.2766
1350.5000 91.8988 1.0054
1355.6000 91.9433 1.1135
1360.7000 91.7499 1.1977
1365.8000 92.0194 1.1628
1370.9000 93.0569 0.8596
1376.0000 92.3965 1.1853
1381.1000 92.8118 0.8628
1386.2000 92.5793 0.9762
1391.3000 92.7302 0.9816
1396.4000 92.4882 0.9784
1401.5000 92.1096 1.0691
1406.6000 92.1886 1.0751
1411.7000 92.4701 0.8924
1416.8000 92.2852 0.9651
1421.9000 92.3159 0.8795
1427.0000 92.6611 0.7702
1432.1000 92.1374 1.0270
1437.2000 92.6831 0.8525
1442.3000 92.4335 0.9501
1447.4000 92.1241 1.0400
1452.5000 92.4421 0.8979
1457.6000 92.3801 0.9514
1462.7000 92.4299 0.9878
1467.8000 92.4755 0.9138
1472.9000 92.1687 0.9781
1478.0000 92.4831 0.8775
1483.1000 92.7860 0.7651
1488.2000 91.9949 0.8914
1493.3000 92.2211 0.8003
1498.4000 92.2810 0.9303
1503.5000 92.5566 0.8550
1508.6000 92.5172 1.1482
1513.7000 92.4980 0.9666
1518.8000 91.9444 1.0522
1523.9000 92.7412 0.8145
1529.0000 92.2513 0.9933
1534.1000 91.5082 1.2500
1539.2000 92.1990 0.8377
1544.3000 92.1807 0.7586
1549.4000 92.0727 0.8644
1554.5000 92.5338 0.7033
1559.6000 92.5563 0.8423
1564.7000 92.2718 0.7370
1569.8000 91.6784 0.7791
1574.9000 91.8084 0.9872
1580.0000 91.4993 0.8521
1585.1000 91.7440 0.7132
1590.2000 91.0177 1.0023
1595.3000 90.8612 1.1119
1600.4000 90.5946 0.9016
1605.5000 90.5649 0.9537
1610.6000 91.3170 0.7191
1615.7000 90.6824 0.8671
1620.8000 90.9298 0.8265
1625.9000 90.8146 0.7819
1631.0000 90.4460 0.8021
1636.1000 90.0693 0.9878
1641.2000 90.1490 1.0088
1646.3000 91.0770 0.6376
1651.4000 91.5753 0.5437
1656.5000 90.8382 0.7666
1661.6000 90.8146 0.6422
1666.7000 91.3082 0.5944
1671.8000 91.2059 0.5193
1676.9000 90.8509 0.5839
1682.0000 90.8731 0.7772
1687.1000 91.2682 0.5138
1692.2000 91.3293 0.6899
1697.3000 92.2504 0.3582
1702.4000 92.4419 0.2830
1707.5000 91.1156 0.6202
1712.6000 91.2745 0.4509
1717.7000 91.7862 0.3688
1722.8000 90.8072 0.5454
1727.9000 91.2359 0.4390
1733.0000 91.1788 0.5008
1738.1000 90.9796 0.5901
1743.2000 90.9392 0.5219
1748.3000 91.0962 0.4899
1753.4000 91.1769 0.4857
1758.5000 91.1507 0.4374
1763.6000 91.1087 0.5116
1768.7000 90.6807 0.6659
1773.8000 89.9476 0.9320
1778.9000 89.5018 0.9926
1784.0000 89.6293 0.9252
1789.1000 90.3724 0.7432
1794.2000 91.0891 0.6642
1799.3000 90.4819 0.8046
1804.4000 90.9243 0.5819
1809.5000 90.2896 0.6643
1814.6000 89.9450 0.8042
1819.7000 90.1052 0.6148
1824.8000 90.5141 0.4044
1829.9000 90.2432 0.4551
1835.0000 90.1598 0.5773
1840.1000 89.8480 0.6782
1845.2000 89.7946 0.7257
1850.3000 90.4936 0.4923
1855.4000 90.6991 0.3979
1860.5000 89.9602 0.6834
1865.6000 89.5441 0.7167
1870.7000 89.3383 0.7552
1875.8000 89.8984 0.6504
1880.9000 89.9785 0.5573
1886.0000 90.0163 0.7200
1891.1000 90.0360 0.6491
1896.2000 89.7250 0.6256
1901.3000 89.1276 0.9476
1906.4000 89.9048 0.5594
1911.5000 89.6505 0.5783
1916.6000 89.0602 0.8973
1921.7000 89.3508 0.7376
1926.8000 89.6063 0.6873
1931.9000 89.7972 0.5746
1937.0000 89.1306 0.7454
1942.1000 89.7865 0.5741
1947.2000 89.4206 0.6394
1952.3000 89.7493 0.6424
1957.4000 89.6657 0.6246
1962.5000 89.8021 0.5535
1967.6000 89.9201 0.5418
1972.7000 89.8779 0.5694
1977.8000 90.1660 0.4861
1982.9000 89.9231 0.6422
1988.0000 89.5538 0.6710
1993.1000 89.4538 0.7501
1998.2000 88.8539 0.8391
2003.3000 88.7328 0.9035
2008.4000 88.7102 0.8410
2013.5000 88.5894 0.7562
2018.6000 88.4104 0.9502
2023.7000 88.3471 1.0275
2028.8000 88.8004 0.8140
2033.9000 88.9094 0.7882
2039.0000 88.1718 0.9759
2044.1000 88.3346 0.9014
2049.2000 88.1266 0.9009
2054.3000 88.9204 0.7694
2059.4000 88.8348 0.8341
2064.5000 89.6959 0.6780
2069.6000 89.7764 0.7366
2074.7000 89.4320 0.9590
2079.8000 90.0376 0.8192
2084.9000 90.8135 0.5976
2090.0000 90.2000 1.0648
2095.1000 91.0495 0.6199
2100.2000 90.7845 0.8436
2105.3000 90.9069 0.7966
2110.4000 90.5487 0.8543
2115.5000 90.6290 0.9399
2120.6000 90.5340 0.8045
2125.7000 91.2660 0.6379
2130.8000 90.7533 0.7442
2135.9000 91.0289 0.7096
2141.0000 91.0353 0.6697
2146.1000 91.4418 0.6196
2151.2000 91.5399 0.6239
2156.3000 91.7948 0.6332
2161.4000 91.3428 0.7246
2166.5000 90.9613 0.8093
2171.6000 91.6546 0.5207
2176.7000 91.2631 0.5385
2181.8000 91.9758 0.4849
2186.9000 91.4537 0.5894
2192.0000 91.3646 0.7722
2197.1000 91.8615 0.4722
2202.2000 91.5207 0.6015
2207.3000 91.3521 0.6421
2212.4000 91.6888 0.6813
2217.5000 91.0873 0.7920
2222.6000 92.2283 0.4685
2227.7000 92.0967 0.6417
2232.8000 92.5157 0.5183
2237.9000 93.0720 0.3736
2243.0000 93.1590 0.3773
2248.1000 92.7212 0.5439
2253.2000 92.4867 0.5859
2258.3000 92.6493 0.4877
2263.4000 92.6264 0.5539
2268.5000 92.7798 0.4557
2273.6000 92.4833 0.4360
2278.7000 92.1296 0.4859
2283.8000 92.3235 0.4409
2288.9000 92.2070 0.4321
2294.0000 91.6081 0.6993
2299.1000 91.9841 0.6809
2304.2000 92.3059 0.5256
2309.3000 92.2692 0.7360
2314.4000 91.8636 0.6335
2319.5000 91.6117 0.6993
2324.6000 92.0387 0.5320
2329.7000 91.4269 0.7098
2334.8000 91.9261 0.5269
2339.9000 91.9500 0.5653
2345.0000 91.4376 0.7692
2350.1000 90.9093 0.8573
2355.2000 90.9583 0.8629
2360.3000 91.7753 0.6480
2365.4000 91.8065 0.7105
2370.5000 91.2450 0.8719
2375.6000 91.2943 0.8456
2380.7000 91.8548 0.5609
2385.8000 91.6080 0.7450
2390.9000 91.5618 0.7662
2396.0000 91.5106 0.8466
2401.1000 92.2167 0.6201
2406.2000 92.0663 0.6197
2411.3000 91.8036 0.6267
2416.4000 92.3886 0.4486
2421.5000 91.9681 0.6161
2426.6000 91.6304 0.6208
2431.7000 91.6885 0.6630
2436.8000 91.3355 0.7235
2441.9000 91.3616 0.7068
2447.0000 91.4325 0.8198
2452.1000 91.4301 0.6360
2457.2000 91.3363 0.7461
2462.3000 91.7695 0.7050
2467.4000 91.5822 0.7397
2472.5000 91.5278 0.7184
2477.6000 91.7269 0.7579
2482.7000 91.2367 0.8015
2487.8000 91.1042 0.7217
2492.9000 91.8741 0.5712
2498.0000 91.3006 0.7835
2503.1000 91.7708 0.5266
2508.2000 91.0991 0.8252
2513.3000 92.1110 0.5957
2518.4000 92.0436 0.5064
2523.5000 91.5219 0.6738
2528.6000 91.8284 0.5323
2533.7000 91.0592 0.7964
2538.8000 91.1587 0.7653
2543.9000 91.3172 0.6381
2549.0000 91.1629 0.7093
2554.1000 91.0496 0.7376
2559.2000 91.4610 0.8122
2564.3000 91.4891 0.8399
2569.4000 91.8216 0.7256
2574.5000 91.7180 0.5912
2579.6000 92.0367 0.5732
2584.7000 91.3767 0.6934
2589.8000 91.5731 0.6098
2594.9000 91.1962 0.8046
2600.0000 91.0453 0.8570
2605.1000 90.5323 0.9151
2610.2000 90.8694 0.6950
2615.3000 91.3221 0.6698
2620.4000 91.2362 0.6642
2625.5000 90.6944 0.7342
2630.6000 90.8686 0.5924
2635.7000 90.5429 0.7139
2640.8000 90.9738 0.5799
2645.9000 91.1190 0.6537
2651.0000 91.4180 0.5514
2656.1000 90.5686 0.9067
2661.2000 90.8061 0.7985
2666.3000 89.7847 0.9252
2671.4000 90.4618 0.7896
2676.5000 90.4454 0.7799
2681.6000 90.7745 0.6752
2686.7000 90.7574 0.7119
2691.8000 90.3594 0.7425
2696.9000 90.5013 0.6974
2702.0000 91.2751 0.5139
2707.1000 90.6323 0.7067
2712.2000 90.9277 0.6825
2717.3000 91.4839 0.4992
2722.4000 91.0864 0.6222
2727.5000 91.1036 0.6806
2732.6000 91.5740 0.4556
2737.7000 91.4735 0.4239
2742.8000 90.6655 0.7144
2747.9000 90.5441 0.7284
2753.0000 90.7706 0.7308
2758.1000 90.6960 0.7186
2763.2000 91.3925 0.5401
2768.3000 91.2689 0.4904
2773.4000 90.7259 0.6884
2778.5000 91.2601 0.4453
2783.6000 91.4353 0.4373
2788.7000 91.3608 0.4387
2793.8000 90.5932 0.5429
2798.9000 90.4092 0.7038
2804.0000 90.2121 0.8200
2809.1000 90.6143 0.6117
2814.2000 91.3950 0.4738
2819.3000 90.6111 0.6810
2824.4000 90.0841 0.8641
2829.5000 90.6261 0.5290
2834.6000 90.8553 0.5566
2839.7000 90.5586 0.6825
2844.8000 90.4972 0.6335
2849.9000 90.9569 0.5170
2855.0000 89.8687 0.8412
2860.1000 90.4343 0.6411
2865.2000 90.1598 0.7178
2870.3000 90.5528 0.7159
2875.4000 90.2810 0.8100
2880.5000 90.0791 0.8466
2885.6000 91.0072 0.5650
2890.7000 90.5819 0.6025
2895.8000 90.2136 0.6409
2900.9000 90.7062 0.5946
2906.0000 90.8416 0.6631
2911.1000 90.7253 0.7297
2916.2000 90.4154 0.8097
2921.3000 89.9056 1.0532
2926.4000 90.5394 0.6958
2931.5000 90.9048 0.6298
2936.6000 91.2663 0.5447
2941.7000 90.9725 0.6877
2946.8000 90.4136 0.6946
2951.9000 90.9568 0.5768
2957.0000 90.6723 0.6823
2962.1000 91.0757 0.5212
2967.2000 90.1419 0.9323
2972.3000 91.0822 0.4272
2977.4000 88.8875 1.2357
2982.5000 89.7772 0.9398
2987.6000 90.6886 0.5818
2992.7000 90.7026 0.5717
2997.8000 90.6850 0.7132
3002.9000 90.6573 0.6270
3008.0000 90.8212 0.4884
3013.1000 90.7869 0.4646
3018.2000 90.7240 0.5569
3023.3000 90.3563 0.6394
3028.4000 90.4924 0.5996
3033.5000 90.3117 0.6015
3038.6000 90.5244 0.5508
3043.7000 91.1897 0.4180
3048.8000 90.3747 0.6205
3053.9000 90.3290 0.6071
3059.0000 90.4305 0.6042
3064.1000 90.0672 0.6488
3069.2000 90.4659 0.6063
3074.3000 90.0065 0.7964
3079.4000 90.7823 0.6813
3084.5000 90.2242 0.7483
3089.6000 90.5057 0.5291
3094.7000 90.5296 0.5677
3099.8000 90.7435 0.5054
3104.9000 90.4388 0.6025
3110.0000 90.8110 0.4560
3115.1000 90.9628 0.4422
3120.2000 90.8264 0.4463
3125.3000 89.9485 0.5695
3130.4000 90.2758 0.4325
3135.5000 90.2284 0.4177
3140.6000 89.6140 0.6604
3145.7000 89.1561 0.8039
3150.8000 89.6558 0.4315
3155.9000 90.2064 0.4856
3161.0000 89.2744 0.6634
3166.1000 89.5110 0.5860
3171.2000 89.7759 0.4432
3176.3000 89.5066 0.5559
3181.4000 89.6729 0.5489
3186.5000 89.4906 0.6935
3191.6000 90.1608 0.5699
3196.7000 89.8623 0.6564
3201.8000 90.0272 0.5935
3206.9000 89.7030 0.7096
3212.0000 89.9642 0.7451
3217.1000 89.7788 0.6550
3222.2000 89.3468 0.9305
3227.3000 90.7984 0.5693
3232.4000 90.8258 0.6243
3237.5000 90.3302 0.7997
3242.6000 90.5989 0.7482
3247.7000 90.3477 0.7372
3252.8000 91.0008 0.6353
3257.9000 91.6183 0.4585
3263.0000 92.3972 0.4043
3268.1000 91.8851 0.5959
3273.2000 91.8622 0.6477
3278.3000 92.3443 0.5025
3283.4000 92.6966 0.4604
3288.5000 92.1860 0.6195
3293.6000 92.6232 0.4302
3298.7000 91.8875 0.7610
3303.8000 92.1586 0.4639
3308.9000 91.8512 0.4321
3314.0000 91.2364 0.5875
3319.1000 91.4747 0.5896
3324.2000 91.8272 0.4990
3329.3000 91.7291 0.7181
3334.4000 91.3779 0.6183
3339.5000 91.3951 0.6512
3344.6000 92.0936 0.4397
3349.7000 92.0459 0.5165
3354.8000 91.7711 0.5378
3359.9000 91.4379 0.7133
3365.0000 92.0088 0.5115
3370.1000 92.0056 0.4158
3375.2000 92.1927 0.4308
3380.3000 92.1634 0.5545
3385.4000 92.0834 0.6565
3390.5000 92.0729 0.6071
3395.6000 92.1673 0.6333
3400.7000 92.7511 0.5873
3405.8000 92.6366 0.6140
3410.9000 92.8012 0.4963
3416.0000 92.4375 0.5708
3421.1000 92.5694 0.5667
3426.2000 92.8119 0.5405
3431.3000 93.0304 0.5223
3436.4000 93.0762 0.4227
3441.5000 93.2068 0.3838
3446.6000 93.2690 0.3711
3451.7000 92.8434 0.4808
3456.8000 92.2765 0.6701
3461.9000 92.1933 0.8207
3467.0000 92.6866 0.5404
3472.1000 92.8142 0.5536
3477.2000 93.0203 0.5336
3482.3000 92.9955 0.5470
3487.4000 92.2925 0.7850
3492.5000 93.1131 0.5818
3497.6000 92.8556 0.4806
3502.7000 92.9765 0.4799
3507.8000 92.5125 0.5423
3512.9000 93.2348 0.3592
3518.0000 93.1708 0.3879
3523.1000 92.5126 0.7143
3528.2000 93.0389 0.5052
3533.3000 93.2208 0.5536
3538.4000 93.0141 0.5891
3543.5000 92.8295 0.6601
3548.6000 93.0967 0.4854
3553.7000 93.1026 0.5263
3558.8000 92.4332 0.6060
3563.9000 92.9931 0.4441
3569.0000 92.2830 0.5770
3574.1000 92.3987 0.5593
3579.2000 92.2878 0.7470
3584.3000 92.1147 0.6845
3589.4000 91.8966 0.7229
3594.5000 91.8590 0.7673
3599.6000 91.6648 0.7949
