5.1000 0.0000 0.0000
10.2000 0.0000 0.0000
15.3000 0.0000 0.0000
20.3000 0.0000 0.0000
25.3000 0.0000 0.0000
30.3000 0.0000 0.0000
35.3000 0.0865 0.0182
40.3000 0.0865 0.0182
45.3000 0.3459 0.0721
50.3000 0.4324 0.0898
55.3000 0.6919 0.1418
60.3000 1.2400 0.2546
65.4000 2.4228 0.4764
70.5000 3.1147 0.5847
75.6000 3.9795 0.7066
80.7000 4.4119 0.7619
85.8000 4.6999 0.8891
90.9000 5.8093 1.1960
96.0000 6.6601 1.3735
101.1000 7.8707 1.6462
106.2000 8.3601 1.8126
111.3000 9.3394 2.1738
116.4000 10.3797 2.4021
121.5000 11.0860 2.5959
126.6000 12.6483 2.8908
131.7000 13.9495 3.3271
136.8000 14.9431 3.6238
141.9000 15.5336 3.7575
147.0000 16.0297 4.0274
152.1000 17.0632 4.4021
157.2000 17.9876 4.8297
162.3000 19.2689 5.2792
167.4000 20.0061 5.6076
172.5000 21.6213 5.8245
177.6000 22.3511 6.1164
182.7000 23.2258 6.2770
187.8000 24.1450 6.8779
192.9000 25.8139 7.6626
198.0000 27.8765 8.3212
203.1000 30.1635 9.1993
208.2000 32.0139 9.9350
213.3000 33.4317 10.6009
218.4000 35.4356 11.0083
223.5000 37.0888 11.3329
228.6000 37.5584 11.6447
233.7000 39.4265 12.4558
238.8000 41.1181 12.8301
243.9000 41.6964 13.1936
249.0000 42.6014 13.6356
254.1000 43.6782 14.0697
259.1000 44.1361 14.2616
264.1000 45.0105 14.6966
269.1000 45.6440 15.0218
274.1000 46.9056 15.6911
279.1000 48.6360 16.3938
284.1000 50.0767 16.8141
289.1000 51.0139 17.0203
294.1000 51.9538 17.3767
299.1000 52.8207 17.2219
304.1000 53.5864 17.4930
309.1000 54.4546 17.6398
314.1000 54.8060 17.7744
319.1000 54.8060 17.7744
324.1000 55.1923 17.9619
329.1000 55.3521 18.0396
334.1000 55.7802 18.2524
339.1000 55.9399 18.3282
344.1000 56.3773 18.5234
349.1000 56.2076 18.4871
354.1000 56.2351 18.5369
359.1000 57.3756 18.9759
364.1000 57.8208 19.1371
369.1000 58.5119 19.2515
374.1000 59.2947 19.5807
379.1000 59.2343 19.5991
384.1000 59.4701 19.7304
389.1000 59.6347 19.6926
394.1000 60.0699 19.8219
399.1000 60.9667 20.1772
404.1000 61.3331 20.2913
409.1000 61.0660 20.1441
414.1000 61.4507 20.2754
419.1000 61.1118 20.1890
424.1000 61.3923 20.3571
429.1000 61.3542 20.2845
434.1000 60.2412 20.0012
439.1000 60.6981 20.0728
444.1000 60.7645 19.9442
449.1000 60.5685 19.8822
454.1000 60.5204 19.9171
459.1000 60.9031 20.0047
464.1000 60.8267 19.8608
469.1000 60.3459 19.7092
474.1000 60.1236 19.4294
479.1000 60.3255 19.5076
484.1000 59.8425 19.5046
489.1000 59.8613 19.2878
494.1000 59.4866 19.2258
499.1000 58.8851 19.0975
504.1000 59.2920 19.1220
509.1000 59.1336 19.0315
514.1000 59.6466 18.8962
519.1000 59.9277 18.8530
524.1000 58.7970 18.5071
529.1000 59.2186 18.6149
534.1000 58.7802 18.3939
539.1000 59.4450 18.5458
544.1000 59.6553 18.3546
549.1000 60.2312 18.5413
554.1000 59.2745 18.1507
559.1000 59.1520 18.0763
564.1000 60.0673 18.2184
569.1000 60.5443 18.0755
574.1000 60.4142 17.9608
579.1000 61.0738 17.7678
584.1000 60.4233 17.6513
589.1000 60.4856 17.6801
594.1000 62.4674 17.6539
599.1000 63.0877 16.8165
604.1000 64.1970 16.6193
609.1000 64.1625 15.9532
614.1000 65.8334 15.3617
619.1000 66.4540 14.8213
624.1000 66.7703 14.5392
629.1000 66.9486 14.0936
634.1000 68.7136 13.9622
639.1000 68.5439 13.1664
644.1000 71.4566 12.4798
649.1000 72.6427 12.0777
654.1000 73.3765 10.7698
659.1000 75.8675 9.8625
664.1000 76.4496 9.5427
669.1000 76.6787 9.1222
674.1000 77.0487 8.5151
679.1000 78.4044 8.1294
684.1000 79.6711 7.2411
689.1000 80.2457 6.9919
694.1000 80.4353 6.7086
699.1000 80.5839 6.6691
704.1000 81.0745 6.7059
709.1000 81.1498 6.6796
714.1000 82.6747 6.2760
719.1000 83.0836 5.9315
724.1000 83.7538 5.8549
729.1000 84.3748 5.5821
734.1000 83.5191 5.4018
739.1000 84.2384 5.0637
744.1000 84.3279 4.9618
749.1000 84.8398 4.7633
754.1000 84.3189 4.8545
759.1000 85.0581 4.1411
764.1000 85.1181 4.2147
769.1000 85.2871 4.0605
774.1000 86.8828 3.4667
779.1000 86.6984 3.0116
784.1000 86.6343 3.1085
789.1000 87.4437 3.0558
794.1000 88.6459 2.2354
799.1000 89.3134 2.0888
804.1000 89.1197 2.3464
809.1000 89.3719 2.2105
814.1000 88.6708 2.4472
819.1000 89.8238 2.1816
824.1000 89.7659 2.0098
829.1000 89.2605 2.2894
834.1000 89.6438 2.1398
839.1000 89.8486 1.9949
844.1000 89.6115 1.9821
849.1000 89.9425 2.0113
854.1000 90.0837 1.9270
859.1000 90.5827 1.8156
864.1000 90.1089 1.9390
869.1000 90.4169 1.9247
874.1000 90.4884 2.0239
879.1000 90.5853 1.9081
884.1000 89.5164 2.2551
889.1000 88.5574 2.5062
894.1000 88.6174 2.4962
899.1000 89.2960 2.2314
904.1000 89.5927 2.0331
909.1000 88.6577 2.4400
914.1000 88.7240 2.2724
919.1000 87.8599 2.5820
924.1000 88.6140 2.1427
929.1000 89.6607 1.8601
934.1000 90.4471 1.7048
939.1000 89.6413 1.8940
944.1000 90.5310 1.5777
949.1000 90.6880 1.6102
954.1000 89.7966 2.0297
959.1000 90.1598 1.8544
964.1000 89.6523 2.0820
969.1000 89.4374 1.9680
974.1000 91.0323 1.6210
979.1000 90.6342 1.7701
984.1000 89.8905 1.8550
989.1000 89.8607 1.9181
994.1000 88.6743 2.1226
999.1000 88.4458 2.0823
1004.1000 88.7893 1.9922
1009.1000 89.4367 1.8753
1014.1000 88.5135 2.2047
1019.1000 87.7477 2.3805
1024.1000 88.6311 1.9061
1029.2000 88.8561 1.7548
1034.3000 87.5792 2.2629
1039.4000 88.1043 2.0212
1044.5000 87.4910 2.2329
1049.6000 87.3199 2.4404
1054.7000 88.0043 2.2099
1059.8000 87.9976 2.2214
1064.9000 88.5561 2.0093
1070.0000 88.0253 2.1588
1075.1000 88.4242 1.9463
1080.2000 87.8090 1.9966
1085.3000 89.0689 1.8787
1090.4000 88.3459 1.8860
1095.5000 88.7159 1.8436
1100.6000 87.4549 2.1301
1105.7000 89.0298 1.6860
1110.8000 88.8298 1.9179
1115.9000 89.2660 1.5153
1121.0000 88.3028 1.6644
1126.1000 88.2558 1.7592
1131.2000 88.3569 1.7879
1136.3000 88.0560 1.7611
1141.4000 86.8102 2.2361
1146.5000 87.7389 1.8264
1151.6000 88.4275 1.6460
1156.7000 87.3936 2.0007
1161.8000 87.3971 1.9343
1166.9000 88.1128 1.7825
1172.0000 88.5606 1.8089
1177.1000 87.7056 2.1437
1182.2000 87.2410 2.0985
1187.3000 87.8310 2.0951
1192.4000 88.0547 2.0520
1197.5000 88.6401 1.8416
1202.6000 87.9970 1.8971
1207.7000 87.8983 2.1705
1212.8000 87.9600 2.0460
1217.9000 88.2576 1.9377
1223.0000 89.0890 1.8888
1228.1000 89.5643 1.7065
1233.2000 88.5550 2.0028
1238.3000 88.6494 1.9837
1243.4000 88.8468 1.7224
1248.5000 88.7698 1.8828
1253.6000 88.1042 1.7770
1258.7000 88.8953 1.6675
1263.8000 89.1887 1.5655
1268.9000 88.1763 1.9439
1274.0000 89.0547 1.7003
1279.1000 88.8189 1.8184
1284.2000 88.9179 1.8396
1289.3000 88.7419 1.9578
1294.4000 89.7096 1.5774
1299.5000 89.8655 1.6680
1304.6000 89.5811 1.6791
1309.7000 88.7929 1.7964
1314.8000 89.1359 1.7041
1319.9000 89.1577 1.7470
1325.0000 88.6911 1.8567
1330.1000 89.3369 1.8850
1335.2000 89.4812 1.7865
1340.3000 90.5792 1.4332
1345.4000 90.3320 1.5682
1350.5000 90.5451 1.4330
1355.6000 89.9562 1.6182
1360.7000 88.7358 1.9485
1365.8000 89.7734 1.6450
1370.9000 90.2710 1.4397
1376.0000 89.8493 1.5696
1381.1000 90.3743 1.5220
1386.2000 90.2840 1.4017
1391.3000 89.6362 1.6852
1396.4000 89.9839 1.5725
1401.5000 90.0172 1.5194
1406.6000 90.5261 1.3201
1411.7000 90.4446 1.3656
1416.8000 90.4329 1.4232
1421.9000 89.5574 1.6121
1427.0000 88.6190 1.7948
1432.1000 88.9158 1.6415
1437.2000 89.0952 1.6892
1442.3000 89.0513 1.7251
1447.4000 88.7793 1.7418
1452.5000 88.2516 1.8861
1457.6000 88.9617 1.8157
1462.7000 88.4995 1.8502
1467.8000 88.0749 1.9116
1472.9000 88.4797 1.8923
1478.0000 89.1929 1.6814
1483.1000 89.5475 1.4076
1488.2000 88.0195 1.9643
1493.3000 89.0417 1.6909
1498.4000 89.4636 1.5425
1503.5000 88.9279 1.6683
1508.6000 89.0845 1.6702
1513.7000 89.2233 1.6145
1518.8000 89.5667 1.5428
1523.9000 89.2726 1.5733
1529.0000 89.5363 1.6769
1534.1000 88.6549 1.9277
1539.2000 88.2852 2.0304
1544.3000 88.3970 2.0711
1549.4000 88.2520 2.0024
1554.5000 88.8807 1.6717
1559.6000 89.1946 1.6760
1564.7000 88.3521 1.7222
1569.8000 88.2278 1.7551
1574.9000 89.0209 1.6503
1580.0000 89.2738 1.5479
1585.1000 89.2994 1.6201
1590.2000 89.0349 1.7413
1595.3000 88.7362 1.9084
1600.4000 88.3422 1.9268
1605.5000 88.7475 2.0339
1610.6000 88.3527 2.0368
1615.7000 88.3793 2.0291
1620.8000 89.1980 1.5989
1625.9000 89.5550 1.5542
1631.0000 89.2450 1.6760
1636.1000 88.8345 1.6760
1641.2000 88.6962 1.7070
1646.3000 87.4207 1.8988
1651.4000 88.3209 1.7465
1656.5000 87.0515 2.0274
1661.6000 86.9319 2.0354
1666.7000 87.3651 1.8145
1671.8000 87.3135 1.9269
1676.9000 86.5782 2.1541
1682.0000 88.3268 1.7121
1687.1000 88.1226 1.7167
1692.2000 87.3762 1.9227
1697.3000 88.0060 1.7627
1702.4000 88.7398 1.5618
1707.5000 87.9553 1.8024
1712.6000 86.5235 1.9515
1717.7000 88.0535 1.7041
1722.8000 87.2734 2.0207
1727.9000 87.5940 1.9425
1733.0000 86.4177 2.2931
1738.1000 86.7707 2.1822
1743.2000 86.5828 2.0764
1748.3000 87.7969 2.0139
1753.4000 87.4329 1.9719
1758.5000 88.0914 1.8890
1763.6000 88.9541 1.5331
1768.7000 89.6188 1.6592
1773.8000 88.0813 1.9920
1778.9000 88.1165 1.7444
1784.0000 88.3447 1.8270
1789.1000 88.1507 1.9190
1794.2000 88.1436 1.8754
1799.3000 87.7012 2.0917
1804.4000 87.9998 1.8654
1809.5000 87.5515 1.9959
1814.6000 88.2365 1.7783
1819.7000 89.1552 1.5088
1824.8000 87.7821 1.9715
1829.9000 88.8215 1.7229
1835.0000 88.3803 1.9267
1840.1000 89.3135 1.5934
1845.2000 88.9610 1.6369
1850.3000 88.7448 1.7479
1855.4000 88.3906 1.7890
1860.5000 88.8262 1.6356
1865.6000 87.1780 1.9014
1870.7000 88.0974 1.8797
1875.8000 86.2844 2.3625
1880.9000 86.8348 2.0259
1886.0000 86.4862 2.1330
1891.1000 86.8861 1.9965
1896.2000 87.2686 2.0236
1901.3000 86.4171 2.1762
1906.4000 86.8629 1.9901
1911.5000 86.5879 2.1777
1916.6000 85.9736 2.4362
1921.7000 87.1659 1.9395
1926.8000 85.6748 2.3849
1931.9000 86.7836 1.9277
1937.0000 86.5784 1.8687
1942.1000 86.7942 1.8165
1947.2000 86.5842 1.8724
1952.3000 85.9990 2.0923
1957.4000 85.3646 2.2243
1962.5000 87.1959 1.8514
1967.6000 88.2641 1.5935
1972.7000 87.3000 2.0347
1977.8000 87.8656 1.7634
1982.9000 87.4859 1.8486
1988.0000 87.7310 1.7880
1993.1000 87.9883 1.7402
1998.2000 88.2916 1.6480
2003.3000 87.0690 1.8467
2008.4000 88.0077 1.6583
2013.5000 87.1214 2.0016
2018.6000 86.3305 2.2672
2023.7000 86.4510 2.3982
2028.8000 86.6951 2.1327
2033.9000 87.0046 2.0158
2039.0000 86.8428 2.1526
2044.1000 86.9651 1.9780
2049.2000 86.9160 1.9831
2054.3000 86.8282 1.9655
2059.4000 86.8987 1.9554
2064.5000 87.3881 1.8754
2069.6000 87.5052 1.8166
2074.7000 86.6587 1.9962
2079.8000 87.1045 1.9312
2084.9000 86.3381 2.0692
2090.0000 87.9102 1.6191
2095.1000 87.1162 2.0393
2100.2000 87.9791 1.7927
2105.3000 87.7172 1.9161
2110.4000 87.4303 1.7680
2115.5000 88.6647 1.6528
2120.6000 88.3537 1.6919
2125.7000 87.9186 1.7119
2130.8000 87.5575 1.8484
2135.9000 88.0331 1.5114
2141.0000 89.0370 1.4534
2146.1000 88.8762 1.3244
2151.2000 88.5413 1.3721
2156.3000 88.3837 1.4596
2161.4000 88.7124 1.4439
2166.5000 88.3870 1.4417
2171.6000 89.7121 1.1843
2176.7000 89.6786 1.2178
2181.8000 90.0739 1.0590
2186.9000 90.2790 0.9623
2192.0000 89.7610 1.1797
2197.1000 89.0379 1.4482
2202.2000 89.1673 1.2682
2207.3000 89.2704 1.3488
2212.4000 88.8991 1.4843
2217.5000 89.0640 1.4526
2222.6000 89.1620 1.3467
2227.7000 88.4129 1.4390
2232.8000 88.3689 1.5383
2237.9000 89.7145 1.1730
2243.0000 88.4133 1.5530
2248.1000 88.2500 1.6750
2253.2000 88.6402 1.7111
2258.3000 88.7449 1.5084
2263.4000 89.0230 1.5339
2268.5000 90.1630 1.2760
2273.6000 89.9563 1.1907
2278.7000 90.0224 1.3227
2283.8000 90.6194 1.2259
2288.9000 90.4782 1.2307
2294.0000 89.0983 1.4555
2299.1000 89.6593 1.4279
2304.2000 89.9414 1.4002
2309.3000 89.9651 1.3624
2314.4000 89.0509 1.6758
2319.5000 89.5464 1.5326
2324.6000 89.4842 1.5917
2329.7000 88.9489 1.8387
2334.8000 89.5132 1.6736
2339.9000 89.8048 1.5612
2345.0000 89.8819 1.4433
2350.1000 89.8257 1.4945
2355.2000 89.0630 1.6765
2360.3000 89.5547 1.6210
2365.4000 88.7688 1.8986
2370.5000 88.7746 1.8279
2375.6000 89.6415 1.6813
2380.7000 88.5384 2.0617
2385.8000 88.5409 2.1202
2390.9000 89.1064 1.8113
2396.0000 89.9470 1.5297
2401.1000 89.9863 1.6260
2406.2000 90.3108 1.4784
2411.3000 89.6481 1.6070
2416.4000 89.3340 1.6260
2421.5000 88.9763 1.8478
2426.6000 88.6861 1.8773
2431.7000 87.8942 2.1165
2436.8000 87.6373 2.0374
2441.9000 88.9607 1.6979
2447.0000 88.2708 1.9589
2452.1000 87.8777 2.0051
2457.2000 87.1787 2.0465
2462.3000 86.9261 1.7767
2467.4000 86.5687 1.9338
2472.5000 87.1525 1.9224
2477.6000 87.5721 1.7979
2482.7000 87.2772 1.9527
2487.8000 88.0739 1.7748
2492.9000 87.6234 1.9877
2498.0000 87.9553 1.7302
2503.1000 88.0044 1.7419
2508.2000 87.2387 1.8436
2513.3000 87.7328 1.6357
2518.4000 87.2409 1.7807
2523.5000 87.2827 1.9145
2528.6000 87.5201 1.8825
2533.7000 87.8309 1.7523
2538.8000 86.9572 1.8546
2543.9000 86.5581 1.9907
2549.0000 87.6240 1.6544
2554.1000 87.1111 1.7150
2559.2000 87.5390 1.7245
2564.3000 87.6731 1.7627
2569.4000 86.4107 2.0859
2574.5000 87.6097 1.5435
2579.6000 88.5662 1.4665
2584.7000 89.1473 1.4801
2589.8000 88.1526 1.5842
2594.9000 87.7085 1.5893
2600.0000 87.6901 1.6540
2605.1000 87.5071 1.5819
2610.2000 86.5555 1.7477
2615.3000 86.8450 1.7409
2620.4000 86.2774 1.8207
2625.5000 85.9409 1.7202
2630.6000 86.7458 1.6299
2635.7000 86.7801 1.7371
2640.8000 86.6532 1.5624
2645.9000 87.8207 1.3597
2651.0000 87.2868 1.4301
2656.1000 87.2344 1.6014
2661.2000 87.9966 1.3460
2666.3000 86.8953 1.6880
2671.4000 87.2828 1.5735
2676.5000 87.0768 1.5402
2681.6000 86.4750 1.6608
2686.7000 86.8215 1.5953
2691.8000 86.9027 1.6825
2696.9000 86.3118 1.7607
2702.0000 86.3498 1.7305
2707.1000 87.1031 1.5652
2712.2000 87.8397 1.4624
2717.3000 88.4774 1.3252
2722.4000 87.6628 1.5574
2727.5000 88.0118 1.3878
2732.6000 88.9700 1.2214
2737.7000 88.6223 1.3263
2742.8000 88.0568 1.4061
2747.9000 87.8626 1.4501
2753.0000 86.2146 1.9010
2758.1000 86.3424 1.9476
2763.2000 87.3296 1.7058
2768.3000 86.2836 1.6735
2773.4000 86.2322 1.7792
2778.5000 86.5819 1.8095
2783.6000 86.8689 1.6175
2788.7000 86.8672 1.6048
2793.8000 85.7770 1.9299
2798.9000 85.6925 2.0499
2804.0000 85.1029 2.2851
2809.1000 85.1048 2.2616
2814.2000 85.6395 2.0345
2819.3000 85.6793 1.8851
2824.4000 86.0941 1.9489
2829.5000 86.0608 1.7812
2834.6000 86.1005 1.9172
2839.7000 85.6562 2.1866
2844.8000 86.4950 1.6467
2849.9000 86.1179 1.8979
2855.0000 86.7139 1.8055
2860.1000 86.6497 1.8759
2865.2000 86.3110 1.9239
2870.3000 86.1983 2.0670
2875.4000 85.9342 2.1691
2880.5000 85.5266 2.2302
2885.6000 86.0824 1.9638
2890.7000 86.2360 1.9437
2895.8000 85.8980 1.7416
2900.9000 86.1118 1.7888
2906.0000 86.8917 1.6988
2911.1000 87.0625 1.6411
2916.2000 86.8828 1.7553
2921.3000 86.1932 1.8571
2926.4000 86.4799 1.9032
2931.5000 85.8943 1.8682
2936.6000 85.3096 1.9636
2941.7000 85.8019 1.8041
2946.8000 85.3998 1.8554
2951.9000 85.2268 1.9191
2957.0000 85.1726 1.8434
2962.1000 84.4641 2.1753
2967.2000 84.7837 1.7816
2972.3000 85.3857 1.6177
2977.4000 84.4313 1.9211
2982.5000 85.1281 1.9495
2987.6000 85.8443 1.8186
2992.7000 86.2078 1.6043
2997.8000 85.8266 1.6623
3002.9000 85.4804 1.7824
3008.0000 86.4144 1.6130
3013.1000 86.5651 1.4702
3018.2000 86.5480 1.6374
3023.3000 86.9428 1.6697
3028.4000 86.6388 1.8356
3033.5000 86.7645 1.6913
3038.6000 86.2311 1.9509
3043.7000 86.6178 1.7453
3048.8000 86.4831 2.0282
3053.9000 86.8720 1.8127
3059.0000 87.0719 1.9633
3064.1000 86.7165 1.8892
3069.2000 87.3246 1.9220
3074.3000 86.0227 1.9595
3079.4000 86.7119 1.9482
3084.5000 86.8001 1.7596
3089.6000 86.5828 1.9457
3094.7000 87.3947 1.7248
3099.8000 86.8741 1.8478
3104.9000 86.4715 1.7669
3110.0000 85.9917 1.8871
3115.1000 85.6663 1.9744
3120.2000 86.6242 1.7367
3125.3000 85.9324 1.8534
3130.4000 86.6821 1.6837
3135.5000 86.2058 1.6356
3140.6000 86.6520 1.7697
3145.7000 85.5503 1.9757
3150.8000 86.9528 1.6533
3155.9000 86.2538 1.9284
3161.0000 86.7764 1.7071
3166.1000 87.3806 1.7649
3171.2000 87.7135 1.7431
3176.3000 87.5712 1.8613
3181.4000 88.1134 1.5862
3186.5000 86.3718 1.9201
3191.6000 87.2367 1.6272
3196.7000 86.4463 1.8487
3201.8000 87.0307 1.4257
3206.9000 87.6037 1.5953
3212.0000 86.3527 2.0477
3217.1000 87.2073 1.5606
3222.2000 87.8370 1.4542
3227.3000 87.0204 1.6496
3232.4000 86.8163 1.5241
3237.5000 86.7275 1.6999
3242.6000 86.5327 1.5991
3247.7000 85.8249 2.0434
3252.8000 85.3401 2.0353
3257.9000 85.8711 2.0142
3263.0000 86.1901 1.7956
3268.1000 87.1391 1.5169
3273.2000 86.6552 1.6987
3278.3000 86.9221 1.7719
3283.4000 86.5743 1.7628
3288.5000 86.7356 1.7738
3293.6000 87.5808 1.4623
3298.7000 86.4822 1.7184
3303.8000 87.4501 1.4867
3308.9000 86.9079 1.6034
3314.0000 86.1505 1.7579
3319.1000 85.4834 1.9937
3324.2000 86.0222 1.8023
3329.3000 86.2799 1.8834
3334.4000 84.9581 2.0969
3339.5000 85.2162 1.9505
3344.6000 85.3778 1.7872
3349.7000 85.8150 1.6368
3354.8000 86.2462 1.7113
3359.9000 86.1545 1.9141
3365.0000 86.0081 1.9075
3370.1000 86.2667 1.7933
3375.2000 86.4618 1.8596
3380.3000 86.1493 1.9317
3385.4000 86.1824 1.9368
3390.5000 86.4965 1.6800
3395.6000 85.9028 1.5911
3400.7000 85.2954 1.7929
3405.8000 86.7895 1.6100
3410.9000 86.4708 1.6764
3416.0000 86.4548 1.5880
3421.1000 85.8507 1.6993
3426.2000 85.8474 1.6924
3431.3000 86.0967 1.7045
3436.4000 85.4736 1.8337
3441.5000 86.1814 1.6189
3446.6000 85.9730 1.5816
3451.7000 85.9153 1.6438
3456.8000 85.6618 1.7641
3461.9000 85.5324 1.8715
3467.0000 85.9321 1.8157
3472.1000 85.7687 1.7542
3477.2000 85.8970 1.8039
3482.3000 85.9711 1.6940
3487.4000 85.6814 1.8119
3492.5000 86.9504 1.4680
3497.6000 87.1700 1.3505
3502.7000 87.8010 1.2671
3507.8000 87.5054 1.4225
3512.9000 87.8503 1.2995
3518.0000 86.9411 1.6142
3523.1000 85.8375 1.5938
3528.2000 85.9413 1.7177
3533.3000 86.0826 1.6331
3538.4000 86.0625 1.7700
3543.5000 86.0114 1.4845
3548.6000 85.2473 1.6754
3553.7000 85.3530 1.6796
3558.8000 84.7501 1.8192
3563.9000 85.4653 1.8632
3569.0000 85.6055 1.4882
3574.1000 85.5090 1.5373
3579.2000 85.3309 1.5704
3584.3000 85.7022 1.7034
3589.4000 85.5694 1.7698
3594.5000 85.6965 1.7708
3599.6000 85.1356 1.6614
