5.1000 0.0000 0.0000
10.2000 0.0000 0.0000
15.3000 0.0000 0.0000
20.3000 0.0000 0.0000
25.3000 0.0000 0.0000
30.3000 0.0000 0.0000
35.3000 0.0018 0.0000
40.3000 0.0018 0.0000
45.3000 0.0018 0.0000
50.3000 0.0018 0.0000
55.3000 0.0018 0.0000
60.3000 0.0038 0.0000
65.4000 0.0038 0.0000
70.5000 0.0038 0.0000
75.6000 0.0038 0.0000
80.7000 0.0038 0.0000
85.8000 0.0058 0.0000
90.9000 0.0058 0.0000
96.0000 0.0058 0.0000
101.1000 0.0058 0.0000
106.2000 0.0058 0.0000
111.3000 0.0058 0.0000
116.4000 0.0087 0.0000
121.5000 0.0087 0.0000
126.6000 0.0087 0.0000
131.7000 0.0087 0.0000
136.8000 0.0087 0.0000
141.9000 0.0087 0.0000
147.0000 0.0107 0.0000
152.1000 0.0107 0.0000
157.2000 0.0107 0.0000
162.3000 0.0107 0.0000
167.4000 0.0107 0.0000
172.5000 0.0129 0.0000
177.6000 0.0147 0.0000
182.7000 0.0147 0.0000
187.8000 0.0147 0.0000
192.9000 0.0147 0.0000
198.0000 0.0147 0.0000
203.1000 0.0164 0.0000
208.2000 0.0164 0.0000
213.3000 0.0182 0.0001
218.4000 0.0182 0.0001
223.5000 0.0182 0.0001
228.6000 0.0182 0.0001
233.7000 0.0214 0.0001
238.8000 0.0214 0.0001
243.9000 0.0214 0.0001
249.0000 0.0214 0.0001
254.1000 0.0214 0.0001
259.1000 0.0214 0.0001
264.1000 0.0214 0.0001
269.1000 0.0231 0.0001
274.1000 0.0231 0.0001
279.1000 0.0231 0.0001
284.1000 0.0231 0.0001
289.1000 0.0231 0.0001
294.1000 0.0251 0.0001
299.1000 0.0251 0.0001
304.1000 0.0251 0.0001
309.1000 0.0251 0.0001
314.1000 0.0268 0.0001
319.1000 0.0268 0.0001
324.1000 0.0298 0.0001
329.1000 0.0298 0.0001
334.1000 0.0298 0.0001
339.1000 0.0298 0.0001
344.1000 0.0298 0.0001
349.1000 0.0315 0.0001
354.1000 0.0315 0.0001
359.1000 0.0315 0.0001
364.1000 0.0315 0.0001
369.1000 0.0315 0.0001
374.1000 0.0315 0.0001
379.1000 0.0337 0.0001
384.1000 0.0374 0.0001
389.1000 0.0374 0.0001
394.1000 0.0374 0.0001
399.1000 0.0374 0.0001
404.1000 0.0374 0.0001
409.1000 0.0400 0.0001
414.1000 0.0400 0.0001
419.1000 0.0400 0.0001
424.1000 0.0400 0.0001
429.1000 0.0400 0.0001
434.1000 0.0425 0.0001
439.1000 0.0425 0.0001
444.1000 0.0425 0.0001
449.1000 0.0442 0.0001
454.1000 0.0442 0.0001
459.1000 0.0460 0.0001
464.1000 0.0484 0.0001
469.1000 0.0484 0.0001
474.1000 0.0484 0.0001
479.1000 0.0484 0.0001
484.1000 0.0484 0.0001
489.1000 0.0484 0.0001
494.1000 0.0484 0.0001
499.1000 0.0503 0.0001
504.1000 0.0541 0.0002
509.1000 0.0541 0.0002
514.1000 0.0541 0.0002
519.1000 0.0541 0.0002
524.1000 0.0584 0.0002
529.1000 0.0606 0.0002
534.1000 0.0606 0.0002
539.1000 0.0644 0.0002
544.1000 0.0644 0.0002
549.1000 0.0663 0.0002
554.1000 0.0663 0.0002
559.1000 0.0684 0.0002
564.1000 0.0703 0.0002
569.1000 0.0767 0.0002
574.1000 0.0767 0.0002
579.1000 0.0811 0.0002
584.1000 0.0936 0.0003
589.1000 0.0936 0.0003
594.1000 0.0974 0.0003
599.1000 0.0974 0.0003
604.1000 0.0993 0.0003
609.1000 0.1041 0.0003
614.1000 0.1041 0.0003
619.1000 0.1076 0.0003
624.1000 0.1098 0.0003
629.1000 0.1141 0.0003
634.1000 0.1176 0.0003
639.1000 0.1194 0.0004
644.1000 0.1237 0.0004
649.1000 0.1237 0.0004
654.1000 0.1304 0.0004
659.1000 0.1344 0.0004
664.1000 0.1411 0.0004
669.1000 0.1464 0.0004
674.1000 0.1509 0.0004
679.1000 0.1640 0.0005
684.1000 0.1659 0.0005
689.1000 0.1722 0.0005
694.1000 0.1802 0.0006
699.1000 0.1935 0.0006
704.1000 0.2014 0.0006
709.1000 0.2014 0.0006
714.1000 0.2078 0.0006
719.1000 0.2114 0.0006
724.1000 0.2172 0.0006
729.1000 0.2243 0.0006
734.1000 0.2320 0.0006
739.1000 0.2364 0.0007
744.1000 0.2404 0.0007
749.1000 0.2426 0.0007
754.1000 0.2461 0.0007
759.1000 0.2568 0.0007
764.1000 0.2679 0.0007
769.1000 0.2696 0.0007
774.1000 0.2789 0.0008
779.1000 0.2818 0.0008
784.1000 0.2907 0.0008
789.1000 0.3049 0.0009
794.1000 0.3096 0.0009
799.1000 0.3144 0.0010
804.1000 0.3206 0.0010
809.1000 0.3392 0.0010
814.1000 0.3485 0.0010
819.1000 0.3528 0.0010
824.1000 0.3610 0.0010
829.1000 0.3610 0.0010
834.1000 0.3697 0.0011
839.1000 0.3744 0.0011
844.1000 0.3770 0.0011
849.1000 0.3811 0.0011
854.1000 0.3881 0.0012
859.1000 0.3959 0.0012
864.1000 0.4097 0.0012
869.1000 0.4159 0.0012
874.1000 0.4200 0.0012
879.1000 0.4263 0.0012
884.1000 0.4355 0.0013
889.1000 0.4381 0.0013
894.1000 0.4407 0.0013
899.1000 0.4429 0.0013
904.1000 0.4513 0.0013
909.1000 0.4539 0.0014
914.1000 0.4606 0.0014
919.1000 0.4628 0.0014
924.1000 0.4693 0.0014
929.1000 0.4806 0.0015
934.1000 0.4884 0.0015
939.1000 0.4923 0.0016
944.1000 0.4984 0.0016
949.1000 0.5061 0.0017
954.1000 0.5174 0.0017
959.1000 0.5203 0.0017
964.1000 0.5287 0.0017
969.1000 0.5403 0.0018
974.1000 0.5489 0.0019
979.1000 0.5622 0.0019
984.1000 0.5693 0.0020
989.1000 0.5761 0.0020
994.1000 0.5973 0.0022
999.1000 0.6097 0.0023
1004.1000 0.6196 0.0023
1009.1000 0.6319 0.0024
1014.1000 0.6336 0.0025
1019.1000 0.6444 0.0026
1024.1000 0.6539 0.0026
1029.2000 0.6687 0.0028
1034.3000 0.6851 0.0029
1039.4000 0.7033 0.0031
1044.5000 0.7163 0.0033
1049.6000 0.7206 0.0033
1054.7000 0.7245 0.0033
1059.8000 0.7335 0.0033
1064.9000 0.7426 0.0033
1070.0000 0.7537 0.0033
1075.1000 0.7652 0.0033
1080.2000 0.7702 0.0033
1085.3000 0.7890 0.0035
1090.4000 0.7935 0.0035
1095.5000 0.8120 0.0036
1100.6000 0.8208 0.0036
1105.7000 0.8208 0.0036
1110.8000 0.8347 0.0037
1115.9000 0.8438 0.0038
1121.0000 0.8555 0.0039
1126.1000 0.8602 0.0039
1131.2000 0.8647 0.0039
1136.3000 0.8672 0.0039
1141.4000 0.8695 0.0040
1146.5000 0.8716 0.0040
1151.6000 0.8858 0.0038
1156.7000 0.8956 0.0037
1161.8000 0.8991 0.0038
1166.9000 0.9026 0.0038
1172.0000 0.9172 0.0038
1177.1000 0.9252 0.0039
1182.2000 0.9334 0.0040
1187.3000 0.9468 0.0039
1192.4000 0.9541 0.0039
1197.5000 0.9668 0.0039
1202.6000 0.9885 0.0042
1207.7000 0.9974 0.0042
1212.8000 1.0117 0.0043
1217.9000 1.0195 0.0044
1223.0000 1.0238 0.0043
1228.1000 1.0378 0.0044
1233.2000 1.0474 0.0046
1238.3000 1.0575 0.0046
1243.4000 1.0684 0.0048
1248.5000 1.0769 0.0048
1253.6000 1.0951 0.0049
1258.7000 1.1098 0.0051
1263.8000 1.1235 0.0053
1268.9000 1.1345 0.0055
1274.0000 1.1546 0.0056
1279.1000 1.1752 0.0058
1284.2000 1.1928 0.0059
1289.3000 1.2130 0.0060
1294.4000 1.2273 0.0060
1299.5000 1.2471 0.0060
1304.6000 1.2647 0.0061
1309.7000 1.2770 0.0062
1314.8000 1.2979 0.0062
1319.9000 1.3132 0.0062
1325.0000 1.3364 0.0063
1330.1000 1.3551 0.0065
1335.2000 1.3673 0.0065
1340.3000 1.3818 0.0066
1345.4000 1.3921 0.0067
1350.5000 1.4029 0.0067
1355.6000 1.4094 0.0069
1360.7000 1.4278 0.0073
1365.8000 1.4470 0.0074
1370.9000 1.4550 0.0075
1376.0000 1.4596 0.0075
1381.1000 1.4737 0.0077
1386.2000 1.4846 0.0079
1391.3000 1.5139 0.0086
1396.4000 1.5335 0.0087
1401.5000 1.5456 0.0088
1406.6000 1.5524 0.0089
1411.7000 1.5659 0.0090
1416.8000 1.5774 0.0092
1421.9000 1.5999 0.0095
1427.0000 1.6185 0.0097
1432.1000 1.6321 0.0096
1437.2000 1.6477 0.0094
1442.3000 1.6577 0.0094
1447.4000 1.6707 0.0094
1452.5000 1.6952 0.0096
1457.6000 1.7155 0.0099
1462.7000 1.7271 0.0101
1467.8000 1.7464 0.0099
1472.9000 1.7587 0.0098
1478.0000 1.7838 0.0100
1483.1000 1.7976 0.0105
1488.2000 1.8228 0.0104
1493.3000 1.8349 0.0106
1498.4000 1.8476 0.0108
1503.5000 1.8703 0.0109
1508.6000 1.8768 0.0108
1513.7000 1.8936 0.0108
1518.8000 1.9134 0.0110
1523.9000 1.9400 0.0110
1529.0000 1.9636 0.0110
1534.1000 1.9849 0.0111
1539.2000 1.9990 0.0112
1544.3000 2.0205 0.0112
1549.4000 2.0473 0.0117
1554.5000 2.0641 0.0121
1559.6000 2.0798 0.0123
1564.7000 2.1254 0.0127
1569.8000 2.1662 0.0130
1574.9000 2.1863 0.0130
1580.0000 2.2072 0.0131
1585.1000 2.2271 0.0131
1590.2000 2.2503 0.0131
1595.3000 2.2960 0.0134
1600.4000 2.3217 0.0141
1605.5000 2.3535 0.0141
1610.6000 2.3789 0.0141
1615.7000 2.4047 0.0142
1620.8000 2.4379 0.0144
1625.9000 2.4485 0.0144
1631.0000 2.4568 0.0146
1636.1000 2.4734 0.0149
1641.2000 2.4895 0.0153
1646.3000 2.4991 0.0153
1651.4000 2.5161 0.0157
1656.5000 2.5282 0.0158
1661.6000 2.5498 0.0163
1666.7000 2.5705 0.0165
1671.8000 2.5790 0.0164
1676.9000 2.5895 0.0165
1682.0000 2.6087 0.0168
1687.1000 2.6244 0.0166
1692.2000 2.6345 0.0164
1697.3000 2.6407 0.0164
1702.4000 2.6545 0.0165
1707.5000 2.6619 0.0165
1712.6000 2.6757 0.0166
1717.7000 2.6907 0.0163
1722.8000 2.6990 0.0162
1727.9000 2.7119 0.0159
1733.0000 2.7259 0.0159
1738.1000 2.7401 0.0156
1743.2000 2.7720 0.0153
1748.3000 2.7914 0.0154
1753.4000 2.8040 0.0156
1758.5000 2.8721 0.0156
1763.6000 2.8896 0.0155
1768.7000 2.9002 0.0157
1773.8000 2.9248 0.0158
1778.9000 2.9446 0.0158
1784.0000 2.9622 0.0158
1789.1000 2.9722 0.0158
1794.2000 2.9794 0.0159
1799.3000 2.9815 0.0160
1804.4000 3.0545 0.0206
1809.5000 3.0792 0.0207
1814.6000 3.0970 0.0207
1819.7000 3.1088 0.0208
1824.8000 3.1212 0.0207
1829.9000 3.1335 0.0207
1835.0000 3.1486 0.0207
1840.1000 3.1637 0.0208
1845.2000 3.2757 0.0449
1850.3000 3.2921 0.0449
1855.4000 3.3128 0.0450
1860.5000 3.3398 0.0451
1865.6000 3.3426 0.0450
1870.7000 3.3602 0.0450
1875.8000 3.3826 0.0446
1880.9000 3.4239 0.0442
1886.0000 3.4536 0.0442
1891.1000 3.5150 0.0677
1896.2000 3.5682 0.0939
1901.3000 3.5957 0.0939
1906.4000 3.6090 0.0940
1911.5000 3.6361 0.0938
1916.6000 3.6791 0.0933
1921.7000 3.7101 0.0928
1926.8000 3.7229 0.0926
1931.9000 3.7456 0.0925
1937.0000 3.7656 0.0924
1942.1000 3.7884 0.0925
1947.2000 3.8243 0.0924
1952.3000 3.8416 0.0922
1957.4000 3.8629 0.0922
1962.5000 3.8950 0.0920
1967.6000 3.9177 0.0922
1972.7000 3.9298 0.0923
1977.8000 3.9455 0.0923
1982.9000 3.9504 0.0923
1988.0000 3.9561 0.0923
1993.1000 3.9631 0.0923
1998.2000 3.9815 0.0921
2003.3000 4.0010 0.0919
2008.4000 4.0297 0.0920
2013.5000 4.0461 0.0918
2018.6000 4.0716 0.0919
2023.7000 4.1056 0.0924
2028.8000 4.1287 0.0930
2033.9000 4.1468 0.0929
2039.0000 4.1648 0.0928
2044.1000 4.1843 0.0926
2049.2000 4.2209 0.0924
2054.3000 4.2533 0.0920
2059.4000 4.2848 0.0916
2064.5000 4.3113 0.0915
2069.6000 4.3220 0.0914
2074.7000 4.3383 0.0913
2079.8000 4.3535 0.0913
2084.9000 4.3719 0.0913
2090.0000 4.3900 0.0913
2095.1000 4.4062 0.0911
2100.2000 4.4260 0.0911
2105.3000 4.4537 0.0911
2110.4000 4.4720 0.0914
2115.5000 4.4832 0.0913
2120.6000 4.4933 0.0913
2125.7000 4.5044 0.0913
2130.8000 4.5165 0.0913
2135.9000 4.5376 0.0916
2141.0000 4.5458 0.0915
2146.1000 4.5677 0.0911
2151.2000 4.5818 0.0911
2156.3000 4.6074 0.0907
2161.4000 4.6455 0.0903
2166.5000 4.6628 0.0902
2171.6000 4.6992 0.0907
2176.7000 4.7742 0.1161
2181.8000 4.7894 0.1160
2186.9000 4.7924 0.1161
2192.0000 4.8101 0.1164
2197.1000 4.8412 0.1165
2202.2000 4.8876 0.1162
2207.3000 4.9206 0.1160
2212.4000 4.9471 0.1162
2217.5000 4.9955 0.1160
2222.6000 5.0379 0.1159
2227.7000 5.0612 0.1162
2232.8000 5.0919 0.1161
2237.9000 5.1082 0.1163
2243.0000 5.1304 0.1158
2248.1000 5.1659 0.1156
2253.2000 5.1990 0.1161
2258.3000 5.2274 0.1165
2263.4000 5.2462 0.1170
2268.5000 5.3501 0.1785
2273.6000 5.4288 0.2362
2278.7000 5.4705 0.2365
2283.8000 5.4949 0.2367
2288.9000 5.5132 0.2367
2294.0000 5.5368 0.2367
2299.1000 5.5678 0.2367
2304.2000 5.5829 0.2368
2309.3000 5.6231 0.2369
2314.4000 5.6671 0.2368
2319.5000 5.7102 0.2365
2324.6000 5.7720 0.2367
2329.7000 5.8152 0.2368
2334.8000 5.8402 0.2373
2339.9000 5.8824 0.2378
2345.0000 5.9199 0.2378
2350.1000 5.9587 0.2376
2355.2000 5.9868 0.2377
2360.3000 6.0192 0.2378
2365.4000 6.0535 0.2380
2370.5000 6.0906 0.2378
2375.6000 6.1194 0.2380
2380.7000 6.1404 0.2378
2385.8000 6.1758 0.2373
2390.9000 6.2182 0.2372
2396.0000 6.2671 0.2365
2401.1000 6.3007 0.2368
2406.2000 6.3146 0.2369
2411.3000 6.3384 0.2367
2416.4000 6.3567 0.2364
2421.5000 6.3729 0.2363
2426.6000 6.4007 0.2363
2431.7000 6.4314 0.2360
2436.8000 6.4640 0.2352
2441.9000 6.4730 0.2352
2447.0000 6.4982 0.2358
2452.1000 6.5212 0.2350
2457.2000 6.5520 0.2351
2462.3000 6.5799 0.2348
2467.4000 6.6155 0.2347
2472.5000 6.6245 0.2349
2477.6000 6.6464 0.2354
2482.7000 6.6684 0.2356
2487.8000 6.6940 0.2360
2492.9000 6.7159 0.2360
2498.0000 6.7373 0.2357
2503.1000 6.7755 0.2351
2508.2000 6.8137 0.2347
2513.3000 6.8341 0.2349
2518.4000 6.8557 0.2349
2523.5000 6.8873 0.2351
2528.6000 6.9035 0.2349
2533.7000 6.9330 0.2344
2538.8000 6.9586 0.2340
2543.9000 6.9873 0.2338
2549.0000 7.0052 0.2342
2554.1000 7.0793 0.2779
2559.2000 7.3146 0.5120
2564.3000 7.4095 0.6163
2569.4000 7.5237 0.7394
2574.5000 7.5580 0.7397
2579.6000 7.5899 0.7397
2584.7000 7.6168 0.7394
2589.8000 7.6330 0.7389
2594.9000 7.6357 0.7390
2600.0000 7.6498 0.7391
2605.1000 7.6645 0.7391
2610.2000 7.6905 0.7267
2615.3000 7.7289 0.7261
2620.4000 7.6805 0.6077
2625.5000 7.7490 0.7049
2630.6000 7.7797 0.7047
2635.7000 7.8053 0.7045
2640.8000 7.8239 0.7041
2645.9000 7.8529 0.7042
2651.0000 7.8863 0.7041
2656.1000 7.9265 0.7041
2661.2000 7.9698 0.7038
2666.3000 7.9906 0.7032
2671.4000 8.0075 0.7036
2676.5000 8.0232 0.7032
2681.6000 8.0457 0.7029
2686.7000 8.0667 0.7025
2691.8000 8.0895 0.7019
2696.9000 8.1065 0.7018
2702.0000 8.1305 0.7021
2707.1000 8.1490 0.7023
2712.2000 8.1651 0.7023
2717.3000 8.1832 0.7026
2722.4000 8.2067 0.7026
2727.5000 8.2270 0.7021
2732.6000 8.2442 0.7021
2737.7000 8.2700 0.7021
2742.8000 8.2854 0.7021
2747.9000 8.3047 0.7015
2753.0000 8.3255 0.7012
2758.1000 8.3528 0.7009
2763.2000 8.3911 0.7003
2768.3000 8.4133 0.7006
2773.4000 8.4361 0.7006
2778.5000 8.4535 0.7005
2783.6000 8.4916 0.7003
2788.7000 8.4997 0.7005
2793.8000 8.5030 0.7007
2798.9000 8.5211 0.7007
2804.0000 8.5590 0.7006
2809.1000 8.5967 0.7004
2814.2000 8.6294 0.7005
2819.3000 8.6739 0.7001
2824.4000 8.7033 0.6993
2829.5000 8.7324 0.7039
2834.6000 8.7732 0.7034
2839.7000 8.8070 0.7030
2844.8000 8.8236 0.7025
2849.9000 8.8550 0.7022
2855.0000 8.8885 0.7023
2860.1000 8.9018 0.7024
2865.2000 8.9199 0.7027
2870.3000 8.9622 0.7031
2875.4000 8.9979 0.7032
2880.5000 9.0270 0.7034
2885.6000 9.0589 0.7032
2890.7000 9.1080 0.7015
2895.8000 9.1519 0.7017
2900.9000 9.1904 0.7016
2906.0000 9.2297 0.7020
2911.1000 9.2513 0.7021
2916.2000 9.2750 0.7012
2921.3000 9.2984 0.7007
2926.4000 9.3306 0.7004
2931.5000 9.3603 0.7003
2936.6000 9.3917 0.7003
2941.7000 9.4292 0.6982
2946.8000 9.4650 0.6972
2951.9000 9.4862 0.6969
2957.0000 9.5033 0.6970
2962.1000 9.5170 0.6969
2967.2000 9.5481 0.6968
2972.3000 9.5700 0.6972
2977.4000 9.5892 0.6967
2982.5000 9.6187 0.6962
2987.6000 9.6536 0.6959
2992.7000 9.6843 0.6943
2997.8000 9.6932 0.6941
3002.9000 9.7184 0.6932
3008.0000 9.7568 0.6919
3013.1000 9.8042 0.6919
3018.2000 9.8209 0.6924
3023.3000 9.8421 0.6921
3028.4000 9.8831 0.6909
3033.5000 9.9164 0.6900
3038.6000 9.9431 0.6892
3043.7000 9.9811 0.6886
3048.8000 10.0220 0.6881
3053.9000 10.0531 0.6880
3059.0000 10.0967 0.6875
3064.1000 10.1138 0.6875
3069.2000 10.1377 0.6875
3074.3000 10.1713 0.6866
3079.4000 10.2012 0.6867
3084.5000 10.2348 0.6863
3089.6000 10.2733 0.6857
3094.7000 10.3047 0.6856
3099.8000 10.3249 0.6854
3104.9000 10.3410 0.6856
3110.0000 10.3646 0.6861
3115.1000 10.3949 0.6858
3120.2000 10.4227 0.6854
3125.3000 10.4355 0.6855
3130.4000 10.4675 0.6849
3135.5000 10.5006 0.6855
3140.6000 10.5382 0.6847
3145.7000 10.5546 0.6851
3150.8000 10.5943 0.6856
3155.9000 10.6257 0.6852
3161.0000 10.6624 0.6839
3166.1000 10.6202 0.5601
3171.2000 10.6700 0.5602
3176.3000 10.7581 0.6427
3181.4000 10.7854 0.6419
3186.5000 10.8158 0.6407
3191.6000 10.8603 0.6396
3196.7000 10.8924 0.6386
3201.8000 10.9330 0.6373
3206.9000 10.9586 0.6360
3212.0000 10.9816 0.6349
3217.1000 11.0046 0.6339
3222.2000 11.0325 0.6330
3227.3000 11.0691 0.6324
3232.4000 11.1070 0.6315
3237.5000 11.1388 0.6308
3242.6000 11.1754 0.6300
3247.7000 11.2308 0.6297
3252.8000 11.2813 0.6299
3257.9000 11.3218 0.6300
3263.0000 11.3613 0.6307
3268.1000 11.3749 0.6304
3273.2000 11.3827 0.6301
3278.3000 11.4146 0.6293
3283.4000 11.4552 0.6283
3288.5000 11.4800 0.6279
3293.6000 11.5187 0.6276
3298.7000 11.5468 0.6273
3303.8000 11.5570 0.6270
3308.9000 11.5954 0.6263
3314.0000 11.6241 0.6261
3319.1000 11.6448 0.6254
3324.2000 11.6683 0.6248
3329.3000 11.6803 0.6245
3334.4000 11.6930 0.6246
3339.5000 11.6978 0.6246
3344.6000 11.7101 0.6246
3349.7000 11.7239 0.6249
3354.8000 11.7521 0.6252
3359.9000 11.7774 0.6255
3365.0000 11.7983 0.6258
3370.1000 11.8172 0.6257
3375.2000 11.8411 0.6251
3380.3000 11.8571 0.6248
3385.4000 11.8864 0.6238
3390.5000 11.9078 0.6235
3395.6000 11.9348 0.6231
3400.7000 11.9611 0.6227
3405.8000 12.0045 0.6222
3410.9000 12.0382 0.6220
3416.0000 12.0665 0.6215
3421.1000 12.0822 0.6214
3426.2000 12.1016 0.6208
3431.3000 12.1166 0.6209
3436.4000 12.1285 0.6207
3441.5000 12.1406 0.6207
3446.6000 12.1628 0.5954
3451.7000 12.1814 0.5949
3456.8000 12.1917 0.5951
3461.9000 12.2077 0.5951
3467.0000 12.2176 0.5949
3472.1000 12.2643 0.6191
3477.2000 12.2809 0.5614
3482.3000 12.3018 0.5584
3487.4000 12.3722 0.6208
3492.5000 12.4073 0.6210
3497.6000 12.4341 0.6195
3502.7000 12.4656 0.6184
3507.8000 12.5065 0.6176
3512.9000 12.5583 0.6174
3518.0000 12.5919 0.6170
3523.1000 12.6255 0.6164
3528.2000 12.6691 0.6164
3533.3000 12.6883 0.6171
3538.4000 12.7123 0.6170
3543.5000 12.7275 0.6169
3548.6000 12.7544 0.6163
3553.7000 12.7879 0.6161
3558.8000 12.8273 0.6146
3563.9000 12.8657 0.6137
3569.0000 12.8930 0.6128
3574.1000 12.9143 0.6123
3579.2000 12.9409 0.6119
3584.3000 12.9477 0.6119
3589.4000 12.9596 0.6114
3594.5000 12.9708 0.6108
3599.6000 12.9955 0.6100
