5.1000 0.0000 0.0000
10.2000 0.0000 0.0000
15.3000 0.0000 0.0000
20.3000 0.0000 0.0000
25.3000 0.0000 0.0000
30.3000 0.0000 0.0000
35.3000 0.0018 0.0000
40.3000 0.0018 0.0000
45.3000 0.0018 0.0000
50.3000 0.0018 0.0000
55.3000 0.0018 0.0000
60.3000 0.0038 0.0000
65.4000 0.0038 0.0000
70.5000 0.0038 0.0000
75.6000 0.0038 0.0000
80.7000 0.0038 0.0000
85.8000 0.0058 0.0000
90.9000 0.0058 0.0000
96.0000 0.0058 0.0000
101.1000 0.0058 0.0000
106.2000 0.0058 0.0000
111.3000 0.0058 0.0000
116.4000 0.0087 0.0000
121.5000 0.0087 0.0000
126.6000 0.0087 0.0000
131.7000 0.0087 0.0000
136.8000 0.0087 0.0000
141.9000 0.0087 0.0000
147.0000 0.0107 0.0000
152.1000 0.0107 0.0000
157.2000 0.0107 0.0000
162.3000 0.0107 0.0000
167.4000 0.0107 0.0000
172.5000 0.0147 0.0000
177.6000 0.0147 0.0000
182.7000 0.0147 0.0000
187.8000 0.0147 0.0000
192.9000 0.0147 0.0000
198.0000 0.0147 0.0000
203.1000 0.0164 0.0000
208.2000 0.0164 0.0000
213.3000 0.0182 0.0001
218.4000 0.0182 0.0001
223.5000 0.0182 0.0001
228.6000 0.0182 0.0001
233.7000 0.0214 0.0001
238.8000 0.0214 0.0001
243.9000 0.0214 0.0001
249.0000 0.0214 0.0001
254.1000 0.0214 0.0001
259.1000 0.0214 0.0001
264.1000 0.0214 0.0001
269.1000 0.0231 0.0001
274.1000 0.0231 0.0001
279.1000 0.0231 0.0001
284.1000 0.0231 0.0001
289.1000 0.0231 0.0001
294.1000 0.0251 0.0001
299.1000 0.0251 0.0001
304.1000 0.0251 0.0001
309.1000 0.0251 0.0001
314.1000 0.0268 0.0001
319.1000 0.0268 0.0001
324.1000 0.0298 0.0001
329.1000 0.0298 0.0001
334.1000 0.0298 0.0001
339.1000 0.0298 0.0001
344.1000 0.0298 0.0001
349.1000 0.0315 0.0001
354.1000 0.0315 0.0001
359.1000 0.0315 0.0001
364.1000 0.0315 0.0001
369.1000 0.0315 0.0001
374.1000 0.0315 0.0001
379.1000 0.0337 0.0001
384.1000 0.0374 0.0001
389.1000 0.0374 0.0001
394.1000 0.0374 0.0001
399.1000 0.0374 0.0001
404.1000 0.0396 0.0001
409.1000 0.0467 0.0001
414.1000 0.0467 0.0001
419.1000 0.0467 0.0001
424.1000 0.0467 0.0001
429.1000 0.0467 0.0001
434.1000 0.0492 0.0001
439.1000 0.0492 0.0001
444.1000 0.0492 0.0001
449.1000 0.0509 0.0001
454.1000 0.0509 0.0001
459.1000 0.0527 0.0002
464.1000 0.0551 0.0002
469.1000 0.0551 0.0002
474.1000 0.0551 0.0002
479.1000 0.0551 0.0002
484.1000 0.0551 0.0002
489.1000 0.0551 0.0002
494.1000 0.0551 0.0002
499.1000 0.0569 0.0002
504.1000 0.0607 0.0002
509.1000 0.0607 0.0002
514.1000 0.0647 0.0002
519.1000 0.0665 0.0002
524.1000 0.0757 0.0002
529.1000 0.0757 0.0002
534.1000 0.0775 0.0002
539.1000 0.0832 0.0002
544.1000 0.0854 0.0002
549.1000 0.0873 0.0002
554.1000 0.0940 0.0002
559.1000 0.1005 0.0003
564.1000 0.1043 0.0003
569.1000 0.1069 0.0003
574.1000 0.1069 0.0003
579.1000 0.1113 0.0003
584.1000 0.1261 0.0003
589.1000 0.1298 0.0004
594.1000 0.1317 0.0004
599.1000 0.1317 0.0004
604.1000 0.1381 0.0004
609.1000 0.1429 0.0004
614.1000 0.1429 0.0004
619.1000 0.1486 0.0004
624.1000 0.1486 0.0004
629.1000 0.1547 0.0005
634.1000 0.1590 0.0005
639.1000 0.1627 0.0005
644.1000 0.1711 0.0005
649.1000 0.1778 0.0006
654.1000 0.1800 0.0006
659.1000 0.1817 0.0006
664.1000 0.1997 0.0007
669.1000 0.2177 0.0008
674.1000 0.2267 0.0008
679.1000 0.2286 0.0008
684.1000 0.2327 0.0008
689.1000 0.2398 0.0008
694.1000 0.2476 0.0009
699.1000 0.2672 0.0009
704.1000 0.2742 0.0009
709.1000 0.2764 0.0009
714.1000 0.2831 0.0010
719.1000 0.2890 0.0010
724.1000 0.2945 0.0010
729.1000 0.2945 0.0010
734.1000 0.2999 0.0010
739.1000 0.3082 0.0010
744.1000 0.3146 0.0010
749.1000 0.3191 0.0010
754.1000 0.3297 0.0010
759.1000 0.3396 0.0010
764.1000 0.3466 0.0011
769.1000 0.3483 0.0011
774.1000 0.3538 0.0011
779.1000 0.3612 0.0011
784.1000 0.3638 0.0012
789.1000 0.3713 0.0012
794.1000 0.3803 0.0012
799.1000 0.3855 0.0013
804.1000 0.3932 0.0012
809.1000 0.3951 0.0012
814.1000 0.4044 0.0012
819.1000 0.4087 0.0012
824.1000 0.4143 0.0012
829.1000 0.4165 0.0013
834.1000 0.4230 0.0012
839.1000 0.4313 0.0012
844.1000 0.4332 0.0012
849.1000 0.4332 0.0012
854.1000 0.4354 0.0013
859.1000 0.4499 0.0013
864.1000 0.4540 0.0013
869.1000 0.4577 0.0013
874.1000 0.4617 0.0013
879.1000 0.4617 0.0013
884.1000 0.4683 0.0013
889.1000 0.4709 0.0013
894.1000 0.4731 0.0014
899.1000 0.4775 0.0014
904.1000 0.4818 0.0014
909.1000 0.4844 0.0014
914.1000 0.4936 0.0014
919.1000 0.4981 0.0015
924.1000 0.5069 0.0015
929.1000 0.5132 0.0016
934.1000 0.5188 0.0016
939.1000 0.5250 0.0017
944.1000 0.5291 0.0017
949.1000 0.5456 0.0018
954.1000 0.5521 0.0018
959.1000 0.5617 0.0018
964.1000 0.5659 0.0019
969.1000 0.5733 0.0019
974.1000 0.5873 0.0019
979.1000 0.5974 0.0020
984.1000 0.5996 0.0020
989.1000 0.6173 0.0021
994.1000 0.6417 0.0024
999.1000 0.6551 0.0025
1004.1000 0.6671 0.0026
1009.1000 0.6762 0.0027
1014.1000 0.6830 0.0028
1019.1000 0.6911 0.0029
1024.1000 0.7020 0.0030
1029.2000 0.7242 0.0032
1034.3000 0.7356 0.0034
1039.4000 0.7613 0.0036
1044.5000 0.7697 0.0037
1049.6000 0.7762 0.0038
1054.7000 0.7824 0.0038
1059.8000 0.7914 0.0038
1064.9000 0.8072 0.0038
1070.0000 0.8251 0.0037
1075.1000 0.8342 0.0038
1080.2000 0.8413 0.0039
1085.3000 0.8679 0.0041
1090.4000 0.8841 0.0041
1095.5000 0.9067 0.0044
1100.6000 0.9112 0.0044
1105.7000 0.9157 0.0044
1110.8000 0.9340 0.0046
1115.9000 0.9362 0.0046
1121.0000 0.9504 0.0047
1126.1000 0.9594 0.0047
1131.2000 0.9639 0.0047
1136.3000 0.9687 0.0048
1141.4000 0.9687 0.0048
1146.5000 0.9745 0.0047
1151.6000 0.9850 0.0046
1156.7000 0.9930 0.0045
1161.8000 1.0017 0.0046
1166.9000 1.0200 0.0048
1172.0000 1.0287 0.0048
1177.1000 1.0367 0.0048
1182.2000 1.0397 0.0049
1187.3000 1.0562 0.0050
1192.4000 1.0585 0.0049
1197.5000 1.0733 0.0049
1202.6000 1.0883 0.0053
1207.7000 1.0972 0.0054
1212.8000 1.1094 0.0054
1217.9000 1.1217 0.0055
1223.0000 1.1333 0.0055
1228.1000 1.1481 0.0057
1233.2000 1.1605 0.0058
1238.3000 1.1653 0.0058
1243.4000 1.1847 0.0062
1248.5000 1.1984 0.0062
1253.6000 1.2426 0.0066
1258.7000 1.2575 0.0069
1263.8000 1.2620 0.0069
1268.9000 1.2708 0.0071
1274.0000 1.2982 0.0072
1279.1000 1.3047 0.0073
1284.2000 1.3300 0.0077
1289.3000 1.3625 0.0076
1294.4000 1.3828 0.0078
1299.5000 1.3982 0.0078
1304.6000 1.4181 0.0080
1309.7000 1.4261 0.0081
1314.8000 1.4542 0.0082
1319.9000 1.4778 0.0086
1325.0000 1.5055 0.0086
1330.1000 1.5123 0.0086
1335.2000 1.5275 0.0088
1340.3000 1.5414 0.0088
1345.4000 1.5588 0.0090
1350.5000 1.5649 0.0089
1355.6000 1.5743 0.0093
1360.7000 1.5941 0.0094
1365.8000 1.6129 0.0097
1370.9000 1.6175 0.0097
1376.0000 1.6245 0.0098
1381.1000 1.6607 0.0109
1386.2000 1.6880 0.0112
1391.3000 1.6947 0.0112
1396.4000 1.6981 0.0112
1401.5000 1.7220 0.0115
1406.6000 1.7283 0.0115
1411.7000 1.7419 0.0115
1416.8000 1.7670 0.0120
1421.9000 1.7798 0.0121
1427.0000 1.7947 0.0120
1432.1000 1.8077 0.0119
1437.2000 1.8167 0.0119
1442.3000 1.8322 0.0117
1447.4000 1.8458 0.0119
1452.5000 1.8752 0.0124
1457.6000 1.8872 0.0125
1462.7000 1.8976 0.0125
1467.8000 1.9084 0.0123
1472.9000 1.9359 0.0126
1478.0000 1.9494 0.0127
1483.1000 1.9654 0.0127
1488.2000 1.9987 0.0127
1493.3000 2.0110 0.0128
1498.4000 2.0380 0.0130
1503.5000 2.0502 0.0131
1508.6000 2.0664 0.0129
1513.7000 2.0778 0.0132
1518.8000 2.1162 0.0133
1523.9000 2.1548 0.0132
1529.0000 2.1823 0.0135
1534.1000 2.1982 0.0136
1539.2000 2.2003 0.0135
1544.3000 2.2415 0.0140
1549.4000 2.2558 0.0143
1554.5000 2.2675 0.0145
1559.6000 2.3025 0.0146
1564.7000 2.3535 0.0152
1569.8000 2.3886 0.0149
1574.9000 2.3938 0.0149
1580.0000 2.4094 0.0148
1585.1000 2.4393 0.0147
1590.2000 2.4782 0.0149
1595.3000 2.5302 0.0158
1600.4000 2.5516 0.0157
1605.5000 2.5762 0.0156
1610.6000 2.6115 0.0156
1615.7000 2.6260 0.0157
1620.8000 2.6353 0.0157
1625.9000 2.6480 0.0161
1631.0000 2.6480 0.0161
1636.1000 2.6554 0.0164
1641.2000 2.6669 0.0164
1646.3000 2.6760 0.0167
1651.4000 2.6890 0.0170
1656.5000 2.7028 0.0172
1661.6000 2.7280 0.0177
1666.7000 2.7301 0.0176
1671.8000 2.7411 0.0175
1676.9000 2.7488 0.0176
1682.0000 2.7648 0.0177
1687.1000 2.7795 0.0176
1692.2000 2.7895 0.0173
1697.3000 2.7987 0.0174
1702.4000 2.8102 0.0174
1707.5000 2.8272 0.0173
1712.6000 2.8361 0.0175
1717.7000 2.8513 0.0172
1722.8000 2.8719 0.0168
1727.9000 2.8798 0.0168
1733.0000 2.8958 0.0167
1738.1000 2.9169 0.0164
1743.2000 2.9485 0.0165
1748.3000 2.9583 0.0164
1753.4000 2.9774 0.0165
1758.5000 3.0531 0.0165
1763.6000 3.0779 0.0170
1768.7000 3.0820 0.0168
1773.8000 3.1007 0.0170
1778.9000 3.1218 0.0168
1784.0000 3.1323 0.0169
1789.1000 3.1416 0.0170
1794.2000 3.1492 0.0170
1799.3000 3.1863 0.0172
1804.4000 3.4068 0.0576
1809.5000 3.4238 0.0575
1814.6000 3.4435 0.0575
1819.7000 3.4558 0.0573
1824.8000 3.4755 0.0574
1829.9000 3.7256 0.2016
1835.0000 3.7592 0.2016
1840.1000 3.7884 0.2018
1845.2000 4.0096 0.4019
1850.3000 4.1027 0.4794
1855.4000 4.1393 0.4796
1860.5000 4.1746 0.4795
1865.6000 4.1816 0.4793
1870.7000 4.2257 0.4796
1875.8000 4.2900 0.4790
1880.9000 4.3230 0.4784
1886.0000 4.3475 0.4778
1891.1000 4.3566 0.4779
1896.2000 4.3869 0.4780
1901.3000 4.4401 0.4777
1906.4000 4.4976 0.4782
1911.5000 4.5975 0.4781
1916.6000 4.6454 0.4780
1921.7000 4.6938 0.4780
1926.8000 4.7089 0.4783
1931.9000 4.7255 0.4780
1937.0000 4.7388 0.4779
1942.1000 4.7783 0.4774
1947.2000 4.8423 0.4764
1952.3000 4.8628 0.4765
1957.4000 4.8701 0.4766
1962.5000 4.9018 0.4768
1967.6000 4.9376 0.4772
1972.7000 4.9714 0.4773
1977.8000 4.9870 0.4775
1982.9000 4.9957 0.4776
1988.0000 5.0243 0.4782
1993.1000 5.0410 0.4783
1998.2000 5.0639 0.4776
2003.3000 5.0942 0.4778
2008.4000 5.1208 0.4773
2013.5000 5.1554 0.4775
2018.6000 5.1887 0.4779
2023.7000 5.2198 0.4774
2028.8000 5.2420 0.4774
2033.9000 5.2681 0.4772
2039.0000 5.3292 0.4782
2044.1000 5.3771 0.4785
2049.2000 5.3879 0.4784
2054.3000 5.4344 0.4773
2059.4000 5.4585 0.4771
2064.5000 5.4783 0.4773
2069.6000 5.4903 0.4774
2074.7000 5.5279 0.4771
2079.8000 5.5535 0.4767
2084.9000 5.5640 0.4768
2090.0000 5.6110 0.4776
2095.1000 5.6410 0.4782
2100.2000 5.6571 0.4784
2105.3000 5.6710 0.4784
2110.4000 5.6834 0.4783
2115.5000 5.6895 0.4780
2120.6000 5.7132 0.4778
2125.7000 5.7175 0.4778
2130.8000 5.7417 0.4784
2135.9000 5.7748 0.4783
2141.0000 5.7773 0.4784
2146.1000 5.8234 0.4775
2151.2000 5.8303 0.4775
2156.3000 5.8762 0.4766
2161.4000 5.9147 0.4754
2166.5000 5.9355 0.4758
2171.6000 6.1050 0.6437
2176.7000 6.1511 0.6798
2181.8000 6.2078 0.6794
2186.9000 6.2196 0.6797
2192.0000 6.2401 0.6796
2197.1000 6.2991 0.6799
2202.2000 6.3855 0.7694
2207.3000 6.4233 0.7716
2212.4000 6.4454 0.7485
2217.5000 6.4648 0.7473
2222.6000 6.4877 0.7463
2227.7000 6.5040 0.7463
2232.8000 6.5234 0.7461
2237.9000 6.5557 0.7459
2243.0000 6.5938 0.7448
2248.1000 6.6180 0.7443
2253.2000 6.6824 0.7443
2258.3000 6.7022 0.7451
2263.4000 6.7087 0.7454
2268.5000 6.6581 0.6234
2273.6000 6.6920 0.6322
2278.7000 6.7238 0.6310
2283.8000 6.7437 0.6308
2288.9000 6.7536 0.6306
2294.0000 6.7920 0.6303
2299.1000 6.8408 0.6306
2304.2000 6.8996 0.6305
2309.3000 6.9458 0.6302
2314.4000 7.0107 0.6303
2319.5000 7.0984 0.6305
2324.6000 7.1946 0.6296
2329.7000 7.2250 0.6294
2334.8000 7.2924 0.6302
2339.9000 7.3601 0.6305
2345.0000 7.4021 0.6302
2350.1000 7.4676 0.6312
2355.2000 7.4924 0.6314
2360.3000 7.5168 0.6314
2365.4000 7.5324 0.6310
2370.5000 7.5417 0.6310
2375.6000 7.5772 0.6314
2380.7000 7.6021 0.6305
2385.8000 7.6648 0.6299
2390.9000 7.7362 0.6299
2396.0000 7.8063 0.6294
2401.1000 7.8499 0.6299
2406.2000 7.8690 0.6303
2411.3000 7.8763 0.6305
2416.4000 7.8948 0.6307
2421.5000 7.9253 0.6307
2426.6000 8.0016 0.6299
2431.7000 8.0284 0.6303
2436.8000 8.0466 0.6301
2441.9000 8.0625 0.6304
2447.0000 8.0844 0.6300
2452.1000 8.1084 0.6293
2457.2000 8.1369 0.6290
2462.3000 8.1673 0.6283
2467.4000 8.1762 0.6283
2472.5000 8.1836 0.6285
2477.6000 8.2166 0.6288
2482.7000 8.2308 0.6293
2487.8000 8.2562 0.6298
2492.9000 8.2798 0.6302
2498.0000 8.3110 0.6296
2503.1000 8.3268 0.6298
2508.2000 8.3822 0.6282
2513.3000 8.4015 0.6274
2518.4000 8.4465 0.6276
2523.5000 8.5722 0.7365
2528.6000 8.5744 0.7364
2533.7000 8.6729 0.7487
2538.8000 8.6838 0.7482
2543.9000 8.7085 0.7489
2549.0000 8.7334 0.7494
2554.1000 8.7673 0.7275
2559.2000 8.7992 0.7274
2564.3000 8.8397 0.7275
2569.4000 8.8926 0.7268
2574.5000 8.9201 0.7273
2579.6000 8.9360 0.7271
2584.7000 8.9494 0.7263
2589.8000 8.9535 0.7261
2594.9000 8.9787 0.7267
2600.0000 8.9943 0.7271
2605.1000 9.0024 0.7270
2610.2000 9.0192 0.7023
2615.3000 9.0354 0.7026
2620.4000 9.0555 0.7229
2625.5000 9.0675 0.7224
2630.6000 9.1038 0.7216
2635.7000 9.1171 0.7216
2640.8000 9.1273 0.7211
2645.9000 9.1413 0.7216
2651.0000 9.1690 0.7203
2656.1000 9.1817 0.7200
2661.2000 9.2121 0.7186
2666.3000 9.2183 0.7188
2671.4000 9.2440 0.7182
2676.5000 9.2858 0.7167
2681.6000 9.3023 0.7165
2686.7000 9.3631 0.7137
2691.8000 9.3990 0.7134
2696.9000 9.4113 0.7134
2702.0000 9.4262 0.7133
2707.1000 9.4492 0.7137
2712.2000 9.4570 0.7138
2717.3000 9.4852 0.7143
2722.4000 9.5074 0.7136
2727.5000 9.5200 0.7132
2732.6000 9.5380 0.7131
2737.7000 9.5707 0.7112
2742.8000 9.5847 0.7108
2747.9000 9.6204 0.7095
2753.0000 9.6272 0.7096
2758.1000 9.6565 0.7089
2763.2000 9.6756 0.7090
2768.3000 9.6891 0.7091
2773.4000 9.7247 0.7075
2778.5000 9.7476 0.7077
2783.6000 9.7627 0.7067
2788.7000 9.7765 0.7064
2793.8000 9.7888 0.7065
2798.9000 9.8170 0.7050
2804.0000 9.8984 0.7057
2809.1000 9.9441 0.7054
2814.2000 9.9800 0.7046
2819.3000 10.0492 0.7031
2824.4000 10.0962 0.7003
2829.5000 10.1742 0.6974
2834.6000 10.2586 0.6996
2839.7000 10.3167 0.6980
2844.8000 10.3491 0.6974
2849.9000 10.4133 0.6957
2855.0000 10.5025 0.6967
2860.1000 10.5584 0.6771
2865.2000 10.6371 0.6790
2870.3000 10.7151 0.6821
2875.4000 10.7455 0.6814
2880.5000 10.7737 0.6816
2885.6000 10.8079 0.6818
2890.7000 10.9029 0.6844
2895.8000 11.0280 0.6863
2900.9000 11.0804 0.6876
2906.0000 11.1721 0.6923
2911.1000 11.1805 0.6921
2916.2000 11.2357 0.6889
2921.3000 11.2682 0.6875
2926.4000 11.3088 0.6857
2931.5000 11.3276 0.6852
2936.6000 11.3829 0.6861
2941.7000 11.4848 0.6815
2946.8000 11.5279 0.6807
2951.9000 11.5491 0.6821
2957.0000 11.5568 0.6823
2962.1000 11.6191 0.6845
2967.2000 11.6534 0.6844
2972.3000 11.6849 0.6824
2977.4000 11.7377 0.6790
2982.5000 11.7883 0.6793
2987.6000 11.8588 0.6754
2992.7000 11.9138 0.6720
2997.8000 11.9630 0.6688
3002.9000 12.0198 0.6664
3008.0000 12.0851 0.6651
3013.1000 12.1103 0.6664
3018.2000 12.1232 0.6666
3023.3000 12.2238 0.6641
3028.4000 12.2504 0.6629
3033.5000 12.2691 0.6627
3038.6000 12.3244 0.6601
3043.7000 12.3855 0.6608
3048.8000 12.4826 0.6593
3053.9000 12.5340 0.6588
3059.0000 12.5392 0.6588
3064.1000 12.6193 0.6600
3069.2000 12.7032 0.6591
3074.3000 12.7474 0.6581
3079.4000 12.7768 0.6575
3084.5000 12.8282 0.6552
3089.6000 12.8527 0.6549
3094.7000 12.8624 0.6547
3099.8000 12.9149 0.6562
3104.9000 12.9557 0.6574
3110.0000 13.0132 0.6327
3115.1000 13.0606 0.6291
3120.2000 13.0684 0.6286
3125.3000 13.1120 0.6251
3130.4000 13.1306 0.6238
3135.5000 13.1672 0.6229
3140.6000 13.1912 0.6231
3145.7000 13.2057 0.6152
3150.8000 13.2685 0.6281
3155.9000 13.3198 0.6247
3161.0000 13.3367 0.6237
3166.1000 13.3346 0.5640
3171.2000 13.3845 0.5501
3176.3000 13.5125 0.6367
3181.4000 13.5358 0.6346
3186.5000 13.5671 0.6331
3191.6000 13.5950 0.6321
3196.7000 13.6084 0.6318
3201.8000 13.6259 0.6317
3206.9000 13.6822 0.6264
3212.0000 13.6949 0.6254
3217.1000 13.7331 0.6237
3222.2000 13.7877 0.6241
3227.3000 13.8309 0.6238
3232.4000 13.8438 0.6233
3237.5000 13.9290 0.6192
3242.6000 14.0127 0.6189
3247.7000 14.1085 0.6199
3252.8000 14.1396 0.6196
3257.9000 14.1875 0.6208
3263.0000 14.2329 0.6198
3268.1000 14.2429 0.6192
3273.2000 14.2488 0.6192
3278.3000 14.3720 0.6142
3283.4000 14.4375 0.6128
3288.5000 14.4553 0.6120
3293.6000 14.5086 0.6114
3298.7000 14.5297 0.6105
3303.8000 14.5496 0.6105
3308.9000 14.6155 0.6110
3314.0000 14.6758 0.6102
3319.1000 14.6835 0.6102
3324.2000 14.6945 0.6098
3329.3000 14.6962 0.6099
3334.4000 14.7084 0.6097
3339.5000 14.7102 0.6098
3344.6000 14.7149 0.6096
3349.7000 14.7396 0.6097
3354.8000 14.7512 0.6092
3359.9000 14.8160 0.6096
3365.0000 14.8422 0.6108
3370.1000 14.8586 0.6101
3375.2000 14.8815 0.6093
3380.3000 14.9197 0.6089
3385.4000 14.9753 0.6082
3390.5000 14.9869 0.6079
3395.6000 15.0750 0.6063
3400.7000 15.1236 0.6079
3405.8000 15.1742 0.6079
3410.9000 15.1916 0.6079
3416.0000 15.2148 0.6075
3421.1000 15.2476 0.6064
3426.2000 15.2588 0.6062
3431.3000 15.2840 0.6067
3436.4000 15.2969 0.6065
3441.5000 15.3537 0.6060
3446.6000 15.4418 0.6410
3451.7000 15.4496 0.6411
3456.8000 15.4691 0.6412
3461.9000 15.4734 0.6413
3467.0000 15.5167 0.6407
3472.1000 15.4782 0.5276
3477.2000 15.5190 0.5162
3482.3000 15.5362 0.4690
3487.4000 15.6053 0.5485
3492.5000 15.6672 0.5378
3497.6000 15.6892 0.5366
3502.7000 15.7865 0.5371
3507.8000 15.8433 0.5367
3512.9000 15.8851 0.5370
3518.0000 15.9140 0.5360
3523.1000 15.9384 0.5342
3528.2000 15.9498 0.5346
3533.3000 15.9546 0.5346
3538.4000 15.9695 0.5342
3543.5000 16.0246 0.5335
3548.6000 16.0621 0.5333
3553.7000 16.0805 0.5323
3558.8000 16.1641 0.5295
3563.9000 16.1880 0.5290
3569.0000 16.2120 0.5282
3574.1000 16.2218 0.5283
3579.2000 16.2449 0.5275
3584.3000 16.2482 0.5272
3589.4000 16.2547 0.5270
3594.5000 16.2777 0.5260
3599.6000 16.2834 0.5261
