5.1000 0.0000 0.0000
10.2000 0.0000 0.0000
15.3000 0.0000 0.0000
20.3000 0.0000 0.0000
25.3000 0.0000 0.0000
30.3000 0.0000 0.0000
35.3000 0.0018 0.0000
40.3000 0.0018 0.0000
45.3000 0.0018 0.0000
50.3000 0.0018 0.0000
55.3000 0.0018 0.0000
60.3000 0.0038 0.0000
65.4000 0.0038 0.0000
70.5000 0.0038 0.0000
75.6000 0.0038 0.0000
80.7000 0.0073 0.0000
85.8000 0.0093 0.0000
90.9000 0.0111 0.0000
96.0000 0.0111 0.0000
101.1000 0.0111 0.0000
106.2000 0.0111 0.0000
111.3000 0.0128 0.0000
116.4000 0.0158 0.0000
121.5000 0.0198 0.0000
126.6000 0.0198 0.0000
131.7000 0.0198 0.0000
136.8000 0.0228 0.0001
141.9000 0.0298 0.0001
147.0000 0.0317 0.0001
152.1000 0.0396 0.0001
157.2000 0.0396 0.0001
162.3000 0.0446 0.0001
167.4000 0.0486 0.0001
172.5000 0.0545 0.0001
177.6000 0.0545 0.0001
182.7000 0.0589 0.0002
187.8000 0.0589 0.0002
192.9000 0.0589 0.0002
198.0000 0.0609 0.0002
203.1000 0.0668 0.0002
208.2000 0.0688 0.0002
213.3000 0.0710 0.0002
218.4000 0.0710 0.0002
223.5000 0.0727 0.0002
228.6000 0.0727 0.0002
233.7000 0.0842 0.0002
238.8000 0.0862 0.0002
243.9000 0.0862 0.0002
249.0000 0.0915 0.0002
254.1000 0.0915 0.0002
259.1000 0.0915 0.0002
264.1000 0.0934 0.0002
269.1000 0.0974 0.0003
274.1000 0.0974 0.0003
279.1000 0.0974 0.0003
284.1000 0.1026 0.0003
289.1000 0.1026 0.0003
294.1000 0.1045 0.0003
299.1000 0.1045 0.0003
304.1000 0.1078 0.0003
309.1000 0.1078 0.0003
314.1000 0.1097 0.0003
319.1000 0.1097 0.0003
324.1000 0.1127 0.0003
329.1000 0.1156 0.0004
334.1000 0.1173 0.0004
339.1000 0.1193 0.0004
344.1000 0.1193 0.0004
349.1000 0.1210 0.0004
354.1000 0.1210 0.0004
359.1000 0.1210 0.0004
364.1000 0.1242 0.0004
369.1000 0.1262 0.0004
374.1000 0.1262 0.0004
379.1000 0.1284 0.0004
384.1000 0.1304 0.0004
389.1000 0.1321 0.0004
394.1000 0.1321 0.0004
399.1000 0.1343 0.0004
404.1000 0.1388 0.0004
409.1000 0.1451 0.0005
414.1000 0.1451 0.0005
419.1000 0.1451 0.0005
424.1000 0.1496 0.0005
429.1000 0.1496 0.0005
434.1000 0.1572 0.0005
439.1000 0.1572 0.0005
444.1000 0.1598 0.0005
449.1000 0.1616 0.0005
454.1000 0.1616 0.0005
459.1000 0.1616 0.0005
464.1000 0.1666 0.0005
469.1000 0.1754 0.0005
474.1000 0.1795 0.0006
479.1000 0.1795 0.0006
484.1000 0.1795 0.0006
489.1000 0.1795 0.0006
494.1000 0.1795 0.0006
499.1000 0.1831 0.0006
504.1000 0.1951 0.0007
509.1000 0.1951 0.0007
514.1000 0.1951 0.0007
519.1000 0.1951 0.0007
524.1000 0.1977 0.0007
529.1000 0.1977 0.0007
534.1000 0.2003 0.0007
539.1000 0.2067 0.0007
544.1000 0.2141 0.0007
549.1000 0.2141 0.0007
554.1000 0.2141 0.0007
559.1000 0.2187 0.0008
564.1000 0.2217 0.0008
569.1000 0.2267 0.0008
574.1000 0.2292 0.0008
579.1000 0.2335 0.0009
584.1000 0.2375 0.0009
589.1000 0.2375 0.0009
594.1000 0.2375 0.0009
599.1000 0.2404 0.0009
604.1000 0.2429 0.0009
609.1000 0.2458 0.0009
614.1000 0.2487 0.0009
619.1000 0.2516 0.0009
624.1000 0.2516 0.0009
629.1000 0.2516 0.0009
634.1000 0.2539 0.0010
639.1000 0.2539 0.0010
644.1000 0.2610 0.0010
649.1000 0.2610 0.0010
654.1000 0.2639 0.0009
659.1000 0.2663 0.0010
664.1000 0.2739 0.0010
669.1000 0.2773 0.0010
674.1000 0.2819 0.0011
679.1000 0.2819 0.0011
684.1000 0.2819 0.0011
689.1000 0.2819 0.0011
694.1000 0.2836 0.0011
699.1000 0.2857 0.0011
704.1000 0.2879 0.0010
709.1000 0.2879 0.0010
714.1000 0.2879 0.0010
719.1000 0.2902 0.0011
724.1000 0.2919 0.0011
729.1000 0.2936 0.0011
734.1000 0.3013 0.0010
739.1000 0.3013 0.0010
744.1000 0.3046 0.0011
749.1000 0.3046 0.0011
754.1000 0.3063 0.0011
759.1000 0.3122 0.0011
764.1000 0.3143 0.0011
769.1000 0.3143 0.0011
774.1000 0.3172 0.0011
779.1000 0.3202 0.0011
784.1000 0.3202 0.0011
789.1000 0.3224 0.0011
794.1000 0.3267 0.0011
799.1000 0.3267 0.0011
804.1000 0.3267 0.0011
809.1000 0.3321 0.0011
814.1000 0.3350 0.0011
819.1000 0.3376 0.0011
824.1000 0.3453 0.0012
829.1000 0.3476 0.0012
834.1000 0.3476 0.0012
839.1000 0.3524 0.0013
844.1000 0.3550 0.0013
849.1000 0.3550 0.0013
854.1000 0.3593 0.0013
859.1000 0.3659 0.0013
864.1000 0.3755 0.0013
869.1000 0.3781 0.0013
874.1000 0.3781 0.0013
879.1000 0.3781 0.0013
884.1000 0.3869 0.0014
889.1000 0.3869 0.0014
894.1000 0.3891 0.0014
899.1000 0.3913 0.0014
904.1000 0.3913 0.0014
909.1000 0.3913 0.0014
914.1000 0.3956 0.0014
919.1000 0.4000 0.0014
924.1000 0.4000 0.0014
929.1000 0.4066 0.0014
934.1000 0.4066 0.0014
939.1000 0.4066 0.0014
944.1000 0.4088 0.0014
949.1000 0.4133 0.0014
954.1000 0.4154 0.0014
959.1000 0.4179 0.0014
964.1000 0.4230 0.0015
969.1000 0.4255 0.0014
974.1000 0.4255 0.0014
979.1000 0.4277 0.0014
984.1000 0.4277 0.0014
989.1000 0.4277 0.0014
994.1000 0.4277 0.0014
999.1000 0.4277 0.0014
1004.1000 0.4277 0.0014
1009.1000 0.4348 0.0015
1014.1000 0.4420 0.0015
1019.1000 0.4420 0.0015
1024.1000 0.4420 0.0015
1029.2000 0.4420 0.0015
1034.3000 0.4420 0.0015
1039.4000 0.4486 0.0015
1044.5000 0.4486 0.0015
1049.6000 0.4486 0.0015
1054.7000 0.4486 0.0015
1059.8000 0.4531 0.0015
1064.9000 0.4654 0.0015
1070.0000 0.4724 0.0015
1075.1000 0.4750 0.0015
1080.2000 0.4750 0.0015
1085.3000 0.4750 0.0015
1090.4000 0.4750 0.0015
1095.5000 0.4847 0.0015
1100.6000 0.4847 0.0015
1105.7000 0.4847 0.0015
1110.8000 0.4878 0.0015
1115.9000 0.4878 0.0015
1121.0000 0.4909 0.0016
1126.1000 0.4909 0.0016
1131.2000 0.4975 0.0016
1136.3000 0.5006 0.0016
1141.4000 0.5006 0.0016
1146.5000 0.5006 0.0016
1151.6000 0.5098 0.0016
1156.7000 0.5184 0.0017
1161.8000 0.5241 0.0017
1166.9000 0.5241 0.0017
1172.0000 0.5292 0.0017
1177.1000 0.5292 0.0017
1182.2000 0.5322 0.0017
1187.3000 0.5378 0.0017
1192.4000 0.5404 0.0017
1197.5000 0.5434 0.0017
1202.6000 0.5434 0.0017
1207.7000 0.5434 0.0017
1212.8000 0.5485 0.0017
1217.9000 0.5532 0.0017
1223.0000 0.5603 0.0016
1228.1000 0.5655 0.0016
1233.2000 0.5655 0.0016
1238.3000 0.5655 0.0016
1243.4000 0.5704 0.0016
1248.5000 0.5704 0.0016
1253.6000 0.5788 0.0017
1258.7000 0.5816 0.0018
1263.8000 0.5869 0.0017
1268.9000 0.5869 0.0017
1274.0000 0.5869 0.0017
1279.1000 0.5869 0.0017
1284.2000 0.5950 0.0018
1289.3000 0.6009 0.0019
1294.4000 0.6009 0.0019
1299.5000 0.6039 0.0019
1304.6000 0.6039 0.0019
1309.7000 0.6039 0.0019
1314.8000 0.6060 0.0019
1319.9000 0.6090 0.0019
1325.0000 0.6148 0.0019
1330.1000 0.6148 0.0019
1335.2000 0.6148 0.0019
1340.3000 0.6148 0.0019
1345.4000 0.6193 0.0018
1350.5000 0.6193 0.0018
1355.6000 0.6193 0.0018
1360.7000 0.6193 0.0018
1365.8000 0.6193 0.0018
1370.9000 0.6193 0.0018
1376.0000 0.6193 0.0018
1381.1000 0.6237 0.0018
1386.2000 0.6258 0.0018
1391.3000 0.6258 0.0018
1396.4000 0.6258 0.0018
1401.5000 0.6280 0.0018
1406.6000 0.6344 0.0019
1411.7000 0.6371 0.0019
1416.8000 0.6371 0.0019
1421.9000 0.6408 0.0020
1427.0000 0.6452 0.0020
1432.1000 0.6473 0.0020
1437.2000 0.6513 0.0020
1442.3000 0.6513 0.0020
1447.4000 0.6513 0.0020
1452.5000 0.6513 0.0020
1457.6000 0.6532 0.0020
1462.7000 0.6532 0.0020
1467.8000 0.6553 0.0020
1472.9000 0.6553 0.0020
1478.0000 0.6553 0.0020
1483.1000 0.6572 0.0020
1488.2000 0.6572 0.0020
1493.3000 0.6572 0.0020
1498.4000 0.6612 0.0020
1503.5000 0.6612 0.0020
1508.6000 0.6612 0.0020
1513.7000 0.6612 0.0020
1518.8000 0.6632 0.0020
1523.9000 0.6632 0.0020
1529.0000 0.6670 0.0020
1534.1000 0.6717 0.0020
1539.2000 0.6738 0.0020
1544.3000 0.6757 0.0020
1549.4000 0.6804 0.0021
1554.5000 0.6804 0.0021
1559.6000 0.6823 0.0021
1564.7000 0.6863 0.0021
1569.8000 0.6882 0.0021
1574.9000 0.6882 0.0021
1580.0000 0.6901 0.0021
1585.1000 0.6948 0.0021
1590.2000 0.7044 0.0021
1595.3000 0.7092 0.0022
1600.4000 0.7092 0.0022
1605.5000 0.7124 0.0022
1610.6000 0.7124 0.0022
1615.7000 0.7156 0.0022
1620.8000 0.7216 0.0022
1625.9000 0.7216 0.0022
1631.0000 0.7216 0.0022
1636.1000 0.7216 0.0022
1641.2000 0.7273 0.0022
1646.3000 0.7330 0.0022
1651.4000 0.7359 0.0022
1656.5000 0.7406 0.0022
1661.6000 0.7426 0.0022
1666.7000 0.7426 0.0022
1671.8000 0.7467 0.0022
1676.9000 0.7467 0.0022
1682.0000 0.7573 0.0023
1687.1000 0.7600 0.0023
1692.2000 0.7674 0.0022
1697.3000 0.7674 0.0022
1702.4000 0.7674 0.0022
1707.5000 0.7704 0.0023
1712.6000 0.7704 0.0023
1717.7000 0.7761 0.0022
1722.8000 0.7761 0.0022
1727.9000 0.7789 0.0022
1733.0000 0.7878 0.0023
1738.1000 0.7902 0.0023
1743.2000 0.7987 0.0023
1748.3000 0.7987 0.0023
1753.4000 0.7987 0.0023
1758.5000 0.8041 0.0023
1763.6000 0.8041 0.0023
1768.7000 0.8041 0.0023
1773.8000 0.8129 0.0024
1778.9000 0.8188 0.0024
1784.0000 0.8218 0.0024
1789.1000 0.8242 0.0024
1794.2000 0.8265 0.0024
1799.3000 0.8265 0.0024
1804.4000 0.8290 0.0024
1809.5000 0.8290 0.0024
1814.6000 0.8290 0.0024
1819.7000 0.8290 0.0024
1824.8000 0.8290 0.0024
1829.9000 0.8322 0.0024
1835.0000 0.8322 0.0024
1840.1000 0.8322 0.0024
1845.2000 0.8354 0.0024
1850.3000 0.8354 0.0024
1855.4000 0.8435 0.0024
1860.5000 0.8508 0.0025
1865.6000 0.8533 0.0025
1870.7000 0.8558 0.0025
1875.8000 0.8583 0.0025
1880.9000 0.8583 0.0025
1886.0000 0.8647 0.0025
1891.1000 0.8647 0.0025
1896.2000 0.8671 0.0025
1901.3000 0.8671 0.0025
1906.4000 0.8717 0.0025
1911.5000 0.8839 0.0025
1916.6000 0.8866 0.0025
1921.7000 0.8866 0.0025
1926.8000 0.8891 0.0025
1931.9000 0.8911 0.0025
1937.0000 0.8911 0.0025
1942.1000 0.8929 0.0025
1947.2000 0.9005 0.0025
1952.3000 0.9005 0.0025
1957.4000 0.9025 0.0025
1962.5000 0.9057 0.0025
1967.6000 0.9057 0.0025
1972.7000 0.9080 0.0025
1977.8000 0.9100 0.0025
1982.9000 0.9100 0.0025
1988.0000 0.9100 0.0025
1993.1000 0.9100 0.0025
1998.2000 0.9142 0.0025
2003.3000 0.9222 0.0025
2008.4000 0.9222 0.0025
2013.5000 0.9247 0.0025
2018.6000 0.9264 0.0025
2023.7000 0.9288 0.0026
2028.8000 0.9311 0.0026
2033.9000 0.9311 0.0026
2039.0000 0.9311 0.0026
2044.1000 0.9334 0.0026
2049.2000 0.9359 0.0026
2054.3000 0.9384 0.0027
2059.4000 0.9404 0.0027
2064.5000 0.9428 0.0027
2069.6000 0.9476 0.0027
2074.7000 0.9499 0.0027
2079.8000 0.9531 0.0027
2084.9000 0.9531 0.0027
2090.0000 0.9704 0.0028
2095.1000 0.9704 0.0028
2100.2000 0.9704 0.0028
2105.3000 0.9746 0.0028
2110.4000 0.9746 0.0028
2115.5000 0.9746 0.0028
2120.6000 0.9771 0.0029
2125.7000 0.9803 0.0029
2130.8000 0.9827 0.0029
2135.9000 0.9852 0.0029
2141.0000 0.9852 0.0029
2146.1000 0.9877 0.0029
2151.2000 0.9877 0.0029
2156.3000 0.9877 0.0029
2161.4000 0.9951 0.0028
2166.5000 0.9976 0.0028
2171.6000 0.9976 0.0028
2176.7000 1.0052 0.0029
2181.8000 1.0077 0.0029
2186.9000 1.0094 0.0029
2192.0000 1.0162 0.0029
2197.1000 1.0179 0.0029
2202.2000 1.0260 0.0028
2207.3000 1.0260 0.0028
2212.4000 1.0260 0.0028
2217.5000 1.0314 0.0029
2222.6000 1.0314 0.0029
2227.7000 1.0314 0.0029
2232.8000 1.0333 0.0029
2237.9000 1.0358 0.0029
2243.0000 1.0358 0.0029
2248.1000 1.0412 0.0029
2253.2000 1.0412 0.0029
2258.3000 1.0431 0.0030
2263.4000 1.0515 0.0031
2268.5000 1.0630 0.0032
2273.6000 1.0663 0.0033
2278.7000 1.0691 0.0033
2283.8000 1.0691 0.0033
2288.9000 1.0716 0.0033
2294.0000 1.0716 0.0033
2299.1000 1.0716 0.0033
2304.2000 1.0745 0.0033
2309.3000 1.0745 0.0033
2314.4000 1.0770 0.0033
2319.5000 1.0770 0.0033
2324.6000 1.0848 0.0033
2329.7000 1.0848 0.0033
2334.8000 1.0893 0.0034
2339.9000 1.0919 0.0034
2345.0000 1.0944 0.0034
2350.1000 1.0944 0.0034
2355.2000 1.0968 0.0034
2360.3000 1.0987 0.0034
2365.4000 1.0987 0.0034
2370.5000 1.0987 0.0034
2375.6000 1.1007 0.0035
2380.7000 1.1094 0.0035
2385.8000 1.1113 0.0035
2390.9000 1.1113 0.0035
2396.0000 1.1113 0.0035
2401.1000 1.1113 0.0035
2406.2000 1.1113 0.0035
2411.3000 1.1165 0.0035
2416.4000 1.1217 0.0036
2421.5000 1.1270 0.0037
2426.6000 1.1270 0.0037
2431.7000 1.1270 0.0037
2436.8000 1.1270 0.0037
2441.9000 1.1311 0.0038
2447.0000 1.1379 0.0039
2452.1000 1.1379 0.0039
2457.2000 1.1405 0.0039
2462.3000 1.1428 0.0039
2467.4000 1.1450 0.0039
2472.5000 1.1450 0.0039
2477.6000 1.1471 0.0039
2482.7000 1.1512 0.0040
2487.8000 1.1512 0.0040
2492.9000 1.1543 0.0039
2498.0000 1.1567 0.0039
2503.1000 1.1567 0.0039
2508.2000 1.1567 0.0039
2513.3000 1.1567 0.0039
2518.4000 1.1590 0.0039
2523.5000 1.1618 0.0040
2528.6000 1.1618 0.0040
2533.7000 1.1640 0.0039
2538.8000 1.1640 0.0039
2543.9000 1.1640 0.0039
2549.0000 1.1640 0.0039
2554.1000 1.1683 0.0040
2559.2000 1.1705 0.0040
2564.3000 1.1736 0.0040
2569.4000 1.1758 0.0040
2574.5000 1.1758 0.0040
2579.6000 1.1788 0.0040
2584.7000 1.1866 0.0040
2589.8000 1.1866 0.0040
2594.9000 1.1948 0.0040
2600.0000 1.1998 0.0040
2605.1000 1.1998 0.0040
2610.2000 1.2022 0.0040
2615.3000 1.2122 0.0041
2620.4000 1.2139 0.0041
2625.5000 1.2163 0.0040
2630.6000 1.2237 0.0041
2635.7000 1.2237 0.0041
2640.8000 1.2265 0.0041
2645.9000 1.2287 0.0041
2651.0000 1.2339 0.0041
2656.1000 1.2339 0.0041
2661.2000 1.2357 0.0041
2666.3000 1.2379 0.0041
2671.4000 1.2418 0.0041
2676.5000 1.2442 0.0040
2681.6000 1.2472 0.0041
2686.7000 1.2472 0.0041
2691.8000 1.2507 0.0040
2696.9000 1.2524 0.0041
2702.0000 1.2542 0.0041
2707.1000 1.2559 0.0041
2712.2000 1.2559 0.0041
2717.3000 1.2614 0.0042
2722.4000 1.2614 0.0042
2727.5000 1.2614 0.0042
2732.6000 1.2638 0.0042
2737.7000 1.2655 0.0042
2742.8000 1.2655 0.0042
2747.9000 1.2693 0.0042
2753.0000 1.2743 0.0042
2758.1000 1.2774 0.0042
2763.2000 1.2822 0.0042
2768.3000 1.2822 0.0042
2773.4000 1.2822 0.0042
2778.5000 1.2852 0.0042
2783.6000 1.2878 0.0042
2788.7000 1.2878 0.0042
2793.8000 1.2878 0.0042
2798.9000 1.2878 0.0042
2804.0000 1.2902 0.0042
2809.1000 1.2902 0.0042
2814.2000 1.2932 0.0043
2819.3000 1.2951 0.0042
2824.4000 1.2981 0.0043
2829.5000 1.3012 0.0044
2834.6000 1.3031 0.0043
2839.7000 1.3031 0.0043
2844.8000 1.3098 0.0043
2849.9000 1.3098 0.0043
2855.0000 1.3098 0.0043
2860.1000 1.3098 0.0043
2865.2000 1.3120 0.0042
2870.3000 1.3180 0.0043
2875.4000 1.3235 0.0042
2880.5000 1.3288 0.0042
2885.6000 1.3288 0.0042
2890.7000 1.3335 0.0042
2895.8000 1.3335 0.0042
2900.9000 1.3386 0.0041
2906.0000 1.3386 0.0041
2911.1000 1.3386 0.0041
2916.2000 1.3386 0.0041
2921.3000 1.3386 0.0041
2926.4000 1.3386 0.0041
2931.5000 1.3480 0.0040
2936.6000 1.3526 0.0040
2941.7000 1.3553 0.0040
2946.8000 1.3553 0.0040
2951.9000 1.3576 0.0041
2957.0000 1.3641 0.0041
2962.1000 1.3674 0.0041
2967.2000 1.3674 0.0041
2972.3000 1.3674 0.0041
2977.4000 1.3723 0.0041
2982.5000 1.3877 0.0040
2987.6000 1.3935 0.0040
2992.7000 1.4023 0.0040
2997.8000 1.4023 0.0040
3002.9000 1.4056 0.0040
3008.0000 1.4089 0.0040
3013.1000 1.4116 0.0040
3018.2000 1.4116 0.0040
3023.3000 1.4163 0.0040
3028.4000 1.4163 0.0040
3033.5000 1.4193 0.0041
3038.6000 1.4215 0.0040
3043.7000 1.4245 0.0041
3048.8000 1.4368 0.0041
3053.9000 1.4368 0.0041
3059.0000 1.4368 0.0041
3064.1000 1.4368 0.0041
3069.2000 1.4389 0.0041
3074.3000 1.4523 0.0041
3079.4000 1.4550 0.0042
3084.5000 1.4550 0.0042
3089.6000 1.4578 0.0042
3094.7000 1.4578 0.0042
3099.8000 1.4578 0.0042
3104.9000 1.4598 0.0041
3110.0000 1.4623 0.0042
3115.1000 1.4649 0.0041
3120.2000 1.4649 0.0041
3125.3000 1.4649 0.0041
3130.4000 1.4703 0.0041
3135.5000 1.4731 0.0041
3140.6000 1.4731 0.0041
3145.7000 1.4731 0.0041
3150.8000 1.4731 0.0041
3155.9000 1.4751 0.0041
3161.0000 1.4751 0.0041
3166.1000 1.4751 0.0041
3171.2000 1.4792 0.0041
3176.3000 1.4792 0.0041
3181.4000 1.4792 0.0041
3186.5000 1.4792 0.0041
3191.6000 1.4857 0.0041
3196.7000 1.4857 0.0041
3201.8000 1.4882 0.0040
3206.9000 1.4882 0.0040
3212.0000 1.4882 0.0040
3217.1000 1.4882 0.0040
3222.2000 1.5028 0.0040
3227.3000 1.5028 0.0040
3232.4000 1.5028 0.0040
3237.5000 1.5055 0.0040
3242.6000 1.5096 0.0041
3247.7000 1.5123 0.0040
3252.8000 1.5207 0.0040
3257.9000 1.5240 0.0040
3263.0000 1.5240 0.0040
3268.1000 1.5240 0.0040
3273.2000 1.5272 0.0040
3278.3000 1.5359 0.0040
3283.4000 1.5448 0.0041
3288.5000 1.5467 0.0041
3293.6000 1.5548 0.0041
3298.7000 1.5573 0.0042
3303.8000 1.5573 0.0042
3308.9000 1.5638 0.0042
3314.0000 1.5716 0.0043
3319.1000 1.5743 0.0043
3324.2000 1.5761 0.0043
3329.3000 1.5761 0.0043
3334.4000 1.5761 0.0043
3339.5000 1.5761 0.0043
3344.6000 1.5790 0.0043
3349.7000 1.5790 0.0043
3354.8000 1.5790 0.0043
3359.9000 1.5790 0.0043
3365.0000 1.5790 0.0043
3370.1000 1.5843 0.0043
3375.2000 1.6419 0.0060
3380.3000 1.6419 0.0060
3385.4000 1.6474 0.0059
3390.5000 1.6474 0.0059
3395.6000 1.6474 0.0059
3400.7000 1.6522 0.0059
3405.8000 1.6522 0.0059
3410.9000 1.6548 0.0059
3416.0000 1.6586 0.0059
3421.1000 1.6623 0.0059
3426.2000 1.6646 0.0060
3431.3000 1.6646 0.0060
3436.4000 1.6693 0.0060
3441.5000 1.6693 0.0060
3446.6000 1.7264 0.0152
3451.7000 1.7290 0.0152
3456.8000 1.7352 0.0152
3461.9000 1.7352 0.0152
3467.0000 1.7352 0.0152
3472.1000 1.7397 0.0153
3477.2000 1.7397 0.0153
3482.3000 1.7397 0.0153
3487.4000 1.7414 0.0152
3492.5000 1.7414 0.0152
3497.6000 1.7441 0.0153
3502.7000 1.7481 0.0152
3507.8000 1.7521 0.0152
3512.9000 1.7521 0.0152
3518.0000 1.7579 0.0151
3523.1000 1.7596 0.0151
3528.2000 1.7596 0.0151
3533.3000 1.7596 0.0151
3538.4000 1.7596 0.0151
3543.5000 1.7655 0.0151
3548.6000 1.7721 0.0151
3553.7000 1.7798 0.0151
3558.8000 1.7831 0.0151
3563.9000 1.7831 0.0151
3569.0000 1.7831 0.0151
3574.1000 1.7831 0.0151
3579.2000 1.7850 0.0151
3584.3000 1.7850 0.0151
3589.4000 1.7867 0.0151
3594.5000 1.7947 0.0150
3599.6000 1.7947 0.0150
