5.1000 0.0000 0.0000
10.2000 0.0000 0.0000
15.3000 0.0000 0.0000
20.3000 0.0000 0.0000
25.3000 0.0000 0.0000
30.3000 0.0000 0.0000
35.3000 0.1389 0.0292
40.3000 0.1737 0.0365
45.3000 0.2084 0.0437
50.3000 0.2084 0.0437
55.3000 0.2084 0.0437
60.3000 0.2896 0.0634
65.4000 0.2896 0.0634
70.5000 0.2896 0.0634
75.6000 0.2896 0.0634
80.7000 0.2896 0.0634
85.8000 0.4112 0.0926
90.9000 0.4921 0.1119
96.0000 0.4921 0.1119
101.1000 0.5327 0.1215
106.2000 0.5327 0.1215
111.3000 0.5327 0.1215
116.4000 0.7060 0.2049
121.5000 0.7464 0.2143
126.6000 0.8447 0.2431
131.7000 0.8853 0.2524
136.8000 0.9430 0.2717
141.9000 0.9430 0.2717
147.0000 1.1393 0.3312
152.1000 1.2750 0.3667
157.2000 1.2750 0.3667
162.3000 1.2750 0.3667
167.4000 1.2750 0.3667
172.5000 1.3622 0.3876
177.6000 1.4931 0.4403
182.7000 1.5367 0.4505
187.8000 1.5367 0.4505
192.9000 1.5367 0.4505
198.0000 1.5367 0.4505
203.1000 1.5713 0.4568
208.2000 1.5713 0.4568
213.3000 1.5713 0.4568
218.4000 1.6752 0.4924
223.5000 1.7098 0.4986
228.6000 1.7444 0.5218
233.7000 1.8086 0.5446
238.8000 2.0011 0.6126
243.9000 2.1294 0.6575
249.0000 2.1294 0.6575
254.1000 2.1294 0.6575
259.1000 2.1294 0.6575
264.1000 2.1294 0.6575
269.1000 2.3005 0.7388
274.1000 2.3005 0.7388
279.1000 2.3348 0.7684
284.1000 2.3348 0.7684
289.1000 2.3348 0.7684
294.1000 2.4550 0.8268
299.1000 2.5325 0.8738
304.1000 2.5325 0.8738
309.1000 2.5325 0.8738
314.1000 2.5325 0.8738
319.1000 2.5325 0.8738
324.1000 2.5909 0.8916
329.1000 2.5909 0.8916
334.1000 2.5909 0.8916
339.1000 2.5909 0.8916
344.1000 2.5909 0.8916
349.1000 2.6580 0.9018
354.1000 2.6580 0.9018
359.1000 2.6580 0.9018
364.1000 2.6580 0.9018
369.1000 2.6915 0.9068
374.1000 2.7250 0.9278
379.1000 2.8027 0.9658
384.1000 3.0234 1.0435
389.1000 3.0234 1.0435
394.1000 3.1153 1.0655
399.1000 3.1737 1.0826
404.1000 3.2321 1.0997
409.1000 3.5017 1.2394
414.1000 3.5545 1.2527
419.1000 3.6073 1.2659
424.1000 3.6073 1.2659
429.1000 3.6073 1.2659
434.1000 3.6564 1.2770
439.1000 3.6564 1.2770
444.1000 3.7638 1.3763
449.1000 3.7638 1.3763
454.1000 3.7638 1.3763
459.1000 3.8129 1.3873
464.1000 3.8600 1.3972
469.1000 4.0956 1.4998
474.1000 4.0956 1.4998
479.1000 4.0956 1.4998
484.1000 4.1447 1.5594
489.1000 4.1447 1.5594
494.1000 4.1447 1.5594
499.1000 4.1822 1.5992
504.1000 4.3439 1.6695
509.1000 4.3930 1.6799
514.1000 4.3930 1.6799
519.1000 4.4305 1.7054
524.1000 4.4820 1.7170
529.1000 4.5849 1.7696
534.1000 4.6225 1.7747
539.1000 4.6225 1.7747
544.1000 4.6740 1.8115
549.1000 4.7769 1.8928
554.1000 4.7769 1.8928
559.1000 4.8615 1.9237
564.1000 5.0307 1.9679
569.1000 5.0307 1.9679
574.1000 5.0307 1.9679
579.1000 5.0307 1.9679
584.1000 5.0762 2.0345
589.1000 5.2580 2.0906
594.1000 5.3035 2.0984
599.1000 5.3035 2.0984
604.1000 5.3035 2.0984
609.1000 5.3612 2.1126
614.1000 5.4766 2.1407
619.1000 5.5343 2.1953
624.1000 5.5458 2.1948
629.1000 5.6035 2.2087
634.1000 5.6035 2.2087
639.1000 5.6035 2.2087
644.1000 5.7439 2.3058
649.1000 5.7907 2.3571
654.1000 5.7907 2.3571
659.1000 5.7907 2.3571
664.1000 5.8842 2.3924
669.1000 5.9179 2.3953
674.1000 6.0864 2.4620
679.1000 6.0864 2.4620
684.1000 6.0864 2.4620
689.1000 6.0864 2.4620
694.1000 6.0864 2.4620
699.1000 6.1284 2.4893
704.1000 6.2123 2.5274
709.1000 6.2962 2.5799
714.1000 6.2962 2.5799
719.1000 6.3382 2.5853
724.1000 6.3382 2.5853
729.1000 6.3382 2.5853
734.1000 6.5993 2.6555
739.1000 6.6646 2.6729
744.1000 6.7299 2.7634
749.1000 6.7299 2.7634
754.1000 6.7299 2.7634
759.1000 6.8462 2.8611
764.1000 6.9625 2.9151
769.1000 6.9625 2.9151
774.1000 7.0206 2.9276
779.1000 7.0788 2.9688
784.1000 7.0788 2.9688
789.1000 7.1542 3.0106
794.1000 7.2429 3.0721
799.1000 7.2429 3.0721
804.1000 7.2429 3.0721
809.1000 7.2429 3.0721
814.1000 7.2429 3.0721
819.1000 7.2537 3.0873
824.1000 7.2981 3.1241
829.1000 7.2981 3.1241
834.1000 7.2340 3.0780
839.1000 7.2340 3.0780
844.1000 7.2340 3.0780
849.1000 7.2340 3.0780
854.1000 7.3798 3.2138
859.1000 7.5609 3.3252
864.1000 7.5600 3.3240
869.1000 7.5471 3.2965
874.1000 7.6416 3.3646
879.1000 7.6416 3.3646
884.1000 7.7295 3.3747
889.1000 7.7767 3.3821
894.1000 7.8206 3.3870
899.1000 7.8206 3.3870
904.1000 7.8645 3.4370
909.1000 7.8645 3.4370
914.1000 7.8642 3.4189
919.1000 8.0247 3.4970
924.1000 8.0649 3.5004
929.1000 8.0649 3.5004
934.1000 8.0649 3.5004
939.1000 8.0649 3.5004
944.1000 8.0649 3.5004
949.1000 8.2201 3.6617
954.1000 8.2797 3.7292
959.1000 8.2797 3.7292
964.1000 8.2797 3.7292
969.1000 8.2797 3.7292
974.1000 8.2797 3.7292
979.1000 8.4239 3.8296
984.1000 8.5134 3.8914
989.1000 8.5134 3.8914
994.1000 8.5134 3.8914
999.1000 8.5134 3.8914
1004.1000 8.4550 3.8145
1009.1000 8.4050 3.7504
1014.1000 8.4982 3.7806
1019.1000 8.4982 3.7806
1024.1000 8.4982 3.7806
1029.2000 8.4982 3.7806
1034.3000 8.4982 3.7806
1039.4000 8.6949 3.9015
1044.5000 8.7604 3.9163
1049.6000 8.7604 3.9163
1054.7000 8.8260 3.9309
1059.8000 8.8260 3.9309
1064.9000 8.9790 4.0022
1070.0000 9.0811 4.0389
1075.1000 9.1321 4.0734
1080.2000 9.1321 4.0734
1085.3000 9.1977 4.0875
1090.4000 9.1977 4.0875
1095.5000 9.3202 4.2097
1100.6000 9.5653 4.3897
1105.7000 9.5653 4.3897
1110.8000 9.5653 4.3897
1115.9000 9.5653 4.3897
1121.0000 9.6259 4.4005
1126.1000 9.7472 4.4649
1131.2000 9.8685 4.5344
1136.3000 9.9291 4.5933
1141.4000 9.9291 4.5933
1146.5000 9.9291 4.5933
1151.6000 9.9291 4.5933
1156.7000 9.9433 4.6036
1161.8000 10.1717 4.7628
1166.9000 10.1136 4.7225
1172.0000 10.1136 4.7225
1177.1000 10.1136 4.7225
1182.2000 10.1136 4.7225
1187.3000 10.1639 4.7885
1192.4000 10.1639 4.7885
1197.5000 10.1639 4.7885
1202.6000 10.1639 4.7885
1207.7000 10.1639 4.7885
1212.8000 10.1639 4.7885
1217.9000 10.2570 4.8180
1223.0000 10.4004 4.9304
1228.1000 10.5015 5.0325
1233.2000 10.5015 5.0325
1238.3000 10.5519 5.0374
1243.4000 10.6526 5.0943
1248.5000 10.6526 5.0943
1253.6000 10.6982 5.0966
1258.7000 10.9205 5.2104
1263.8000 10.9205 5.2104
1268.9000 10.9205 5.2104
1274.0000 10.9205 5.2104
1279.1000 10.9205 5.2104
1284.2000 10.9856 5.2288
1289.3000 11.0646 5.3066
1294.4000 11.1236 5.3463
1299.5000 11.1236 5.3463
1304.6000 11.1236 5.3463
1309.7000 11.1236 5.3463
1314.8000 11.2078 5.3730
1319.9000 11.3357 5.4723
1325.0000 11.3357 5.4723
1330.1000 11.3357 5.4723
1335.2000 11.3947 5.4801
1340.3000 11.3947 5.4801
1345.4000 11.4275 5.5097
1350.5000 11.5262 5.5576
1355.6000 11.5262 5.5576
1360.7000 11.5262 5.5576
1365.8000 11.5262 5.5576
1370.9000 11.5262 5.5576
1376.0000 11.5591 5.5566
1381.1000 11.6918 5.5326
1386.2000 11.7783 5.5814
1391.3000 11.7783 5.5814
1396.4000 11.7783 5.5814
1401.5000 11.7783 5.5814
1406.6000 11.7783 5.5814
1411.7000 11.8313 5.6460
1416.8000 12.0964 5.7614
1421.9000 12.0964 5.7614
1427.0000 12.0964 5.7614
1432.1000 12.0964 5.7614
1437.2000 12.0509 5.6690
1442.3000 12.1489 5.7557
1447.4000 12.1489 5.7557
1452.5000 12.1880 5.7941
1457.6000 12.1880 5.7941
1462.7000 12.1880 5.7941
1467.8000 12.1811 5.7838
1472.9000 12.1811 5.7838
1478.0000 12.1811 5.7838
1483.1000 12.1811 5.7838
1488.2000 12.1811 5.7838
1493.3000 12.1811 5.7838
1498.4000 12.2217 5.8125
1503.5000 12.3029 5.8127
1508.6000 12.3029 5.8127
1513.7000 12.3029 5.8127
1518.8000 12.3835 5.8586
1523.9000 12.3835 5.8586
1529.0000 12.4211 5.8782
1534.1000 12.6471 5.9740
1539.2000 12.6471 5.9740
1544.3000 12.6471 5.9740
1549.4000 12.6471 5.9740
1554.5000 12.6471 5.9740
1559.6000 12.6873 6.0249
1564.7000 12.9069 6.1946
1569.8000 12.9069 6.1946
1574.9000 12.9069 6.1946
1580.0000 12.9069 6.1946
1585.1000 12.9069 6.1946
1590.2000 13.0174 6.3067
1595.3000 13.0233 6.3148
1600.4000 13.0869 6.3660
1605.5000 13.0869 6.3660
1610.6000 13.0869 6.3660
1615.7000 13.0869 6.3660
1620.8000 13.3134 6.4871
1625.9000 13.3700 6.5183
1631.0000 13.3700 6.5183
1636.1000 13.4639 6.5493
1641.2000 13.4639 6.5493
1646.3000 13.5767 6.6823
1651.4000 13.6360 6.6589
1656.5000 13.7484 6.6942
1661.6000 13.7484 6.6942
1666.7000 13.7484 6.6942
1671.8000 13.7484 6.6942
1676.9000 13.7484 6.6942
1682.0000 13.8705 6.6751
1687.1000 13.8705 6.6751
1692.2000 13.9243 6.7085
1697.3000 13.9781 6.7111
1702.4000 13.9781 6.7111
1707.5000 13.9719 6.7327
1712.6000 14.0900 6.8197
1717.7000 14.1114 6.8404
1722.8000 14.1114 6.8404
1727.9000 14.0478 6.7918
1733.0000 14.1659 6.8751
1738.1000 14.1659 6.8751
1743.2000 14.1692 6.8185
1748.3000 14.2787 6.8889
1753.4000 14.2787 6.8889
1758.5000 14.2787 6.8889
1763.6000 14.2787 6.8889
1768.7000 14.2787 6.8889
1773.8000 14.3853 6.9921
1778.9000 14.4580 7.0458
1784.0000 14.4580 7.0458
1789.1000 14.4580 7.0458
1794.2000 14.4580 7.0458
1799.3000 14.4114 6.9952
1804.4000 14.3880 6.9840
1809.5000 14.4714 7.0733
1814.6000 14.4714 7.0733
1819.7000 14.5205 7.1131
1824.8000 14.5205 7.1131
1829.9000 14.4962 7.0976
1835.0000 14.6867 7.1674
1840.1000 14.6867 7.1674
1845.2000 14.6867 7.1674
1850.3000 14.7160 7.2069
1855.4000 14.6870 7.1745
1860.5000 14.7356 7.2317
1865.6000 14.7843 7.2718
1870.7000 14.8329 7.2918
1875.8000 14.8329 7.2918
1880.9000 14.8287 7.2858
1886.0000 14.8708 7.3063
1891.1000 14.9112 7.3302
1896.2000 14.9533 7.3811
1901.3000 14.8896 7.3057
1906.4000 14.9317 7.3500
1911.5000 14.9982 7.3924
1916.6000 14.9527 7.3494
1921.7000 14.9527 7.3494
1926.8000 14.9527 7.3494
1931.9000 14.9608 7.3483
1937.0000 14.9608 7.3483
1942.1000 15.1133 7.4496
1947.2000 15.1292 7.4136
1952.3000 15.1292 7.4136
1957.4000 15.1292 7.4136
1962.5000 15.1292 7.4136
1967.6000 15.1292 7.4136
1972.7000 15.1756 7.4376
1977.8000 15.2220 7.4693
1982.9000 15.2683 7.5025
1988.0000 15.2683 7.5025
1993.1000 15.3147 7.5234
1998.2000 15.2674 7.4712
2003.3000 15.3173 7.5016
2008.4000 15.3654 7.5284
2013.5000 15.3729 7.4859
2018.6000 15.4193 7.5353
2023.7000 15.4662 7.5755
2028.8000 15.5125 7.6391
2033.9000 15.5125 7.6391
2039.0000 15.6532 7.7558
2044.1000 15.6417 7.7107
2049.2000 15.6886 7.7681
2054.3000 15.7044 7.7585
2059.4000 15.8543 7.9437
2064.5000 15.8111 7.9016
2069.6000 15.9111 8.0104
2074.7000 15.9111 8.0104
2079.8000 15.9111 8.0104
2084.9000 15.8764 7.9797
2090.0000 15.9252 8.0066
2095.1000 15.9252 8.0066
2100.2000 15.9740 8.0562
2105.3000 15.9740 8.0562
2110.4000 16.0228 8.0757
2115.5000 16.0103 8.0626
2120.6000 16.0707 8.0279
2125.7000 16.1197 8.0549
2130.8000 16.1241 8.0612
2135.9000 16.1241 8.0612
2141.0000 16.1241 8.0612
2146.1000 16.1832 8.1061
2151.2000 16.1832 8.1061
2156.3000 16.2335 8.1052
2161.4000 16.2335 8.1052
2166.5000 16.2825 8.1279
2171.6000 16.2825 8.1279
2176.7000 16.4520 8.2356
2181.8000 16.5008 8.2341
2186.9000 16.5347 8.2299
2192.0000 16.5347 8.2299
2197.1000 16.5347 8.2299
2202.2000 16.5942 8.2305
2207.3000 16.7397 8.3895
2212.4000 16.7397 8.3895
2217.5000 16.7397 8.3895
2222.6000 16.7397 8.3895
2227.7000 16.7397 8.3895
2232.8000 16.8930 8.4950
2237.9000 16.8894 8.4736
2243.0000 16.8894 8.4736
2248.1000 16.8894 8.4736
2253.2000 16.8894 8.4736
2258.3000 16.8894 8.4736
2263.4000 16.9604 8.5602
2268.5000 17.0242 8.5903
2273.6000 17.0242 8.5903
2278.7000 17.0880 8.6386
2283.8000 17.1902 8.6739
2288.9000 17.2007 8.6884
2294.0000 17.3940 8.8064
2299.1000 17.3940 8.8064
2304.2000 17.3940 8.8064
2309.3000 17.3940 8.8064
2314.4000 17.3940 8.8064
2319.5000 17.4579 8.8090
2324.6000 17.5353 8.8797
2329.7000 17.6514 8.9502
2334.8000 17.6901 8.9715
2339.9000 17.6901 8.9715
2345.0000 17.6901 8.9715
2350.1000 17.6901 8.9715
2355.2000 17.7810 9.0515
2360.3000 17.7229 8.9923
2365.4000 17.7229 8.9923
2370.5000 17.7798 9.0303
2375.6000 17.7935 9.0471
2380.7000 17.8150 9.0258
2385.8000 17.8150 9.0258
2390.9000 17.9011 9.0830
2396.0000 17.9011 9.0830
2401.1000 17.9011 9.0830
2406.2000 17.9011 9.0830
2411.3000 17.9530 9.1258
2416.4000 17.9530 9.1258
2421.5000 17.9530 9.1258
2426.6000 18.0726 9.1808
2431.7000 18.1315 9.1572
2436.8000 18.1315 9.1572
2441.9000 18.1098 9.1292
2447.0000 18.1689 9.1356
2452.1000 18.1605 9.1254
2457.2000 18.2123 9.1229
2462.3000 18.2938 9.1627
2467.4000 18.2786 9.1242
2472.5000 18.4504 9.2308
2477.6000 18.4504 9.2308
2482.7000 18.4933 9.2736
2487.8000 18.4933 9.2736
2492.9000 18.4611 9.2330
2498.0000 18.6124 9.4164
2503.1000 18.6182 9.3852
2508.2000 18.6796 9.4220
2513.3000 18.6796 9.4220
2518.4000 18.6796 9.4220
2523.5000 18.7341 9.4816
2528.6000 18.7341 9.4816
2533.7000 18.7341 9.4816
2538.8000 18.7341 9.4816
2543.9000 18.8010 9.5486
2549.0000 18.8010 9.5486
2554.1000 18.8010 9.5486
2559.2000 18.9267 9.6503
2564.3000 19.0142 9.7201
2569.4000 19.0142 9.7201
2574.5000 19.0142 9.7201
2579.6000 19.0142 9.7201
2584.7000 19.0686 9.7910
2589.8000 19.2157 9.9412
2594.9000 19.2647 9.9835
2600.0000 19.2647 9.9835
2605.1000 19.2610 9.9795
2610.2000 19.3154 9.9766
2615.3000 19.3154 9.9766
2620.4000 19.4494 10.0893
2625.5000 19.4840 10.1236
2630.6000 19.4840 10.1236
2635.7000 19.4840 10.1236
2640.8000 19.4813 10.1209
2645.9000 19.4813 10.1209
2651.0000 19.5160 10.1424
2656.1000 19.5052 10.0954
2661.2000 19.4416 10.0461
2666.3000 19.4416 10.0461
2671.4000 19.4416 10.0461
2676.5000 19.4416 10.0461
2681.6000 19.5016 10.0734
2686.7000 19.5925 10.1577
2691.8000 19.5925 10.1577
2696.9000 19.5889 10.1529
2702.0000 19.6490 10.2133
2707.1000 19.6490 10.2133
2712.2000 19.6259 10.1877
2717.3000 19.7585 10.2591
2722.4000 19.7585 10.2591
2727.5000 19.8064 10.2541
2732.6000 19.8064 10.2541
2737.7000 19.8064 10.2541
2742.8000 19.8064 10.2541
2747.9000 19.8818 10.3406
2753.0000 19.9469 10.4106
2758.1000 19.9846 10.4542
2763.2000 19.9846 10.4542
2768.3000 19.9846 10.4542
2773.4000 19.9846 10.4542
2778.5000 19.9846 10.4542
2783.6000 20.0038 10.4218
2788.7000 20.0545 10.4754
2793.8000 19.9665 10.3903
2798.9000 20.0172 10.4446
2804.0000 20.0172 10.4446
2809.1000 20.0172 10.4446
2814.2000 20.0531 10.4858
2819.3000 20.0789 10.5181
2824.4000 20.0789 10.5181
2829.5000 20.0916 10.5345
2834.6000 20.1077 10.4938
2839.7000 20.1077 10.4938
2844.8000 20.1917 10.5703
2849.9000 20.1917 10.5703
2855.0000 20.2337 10.5641
2860.1000 20.2758 10.5777
2865.2000 20.2758 10.5777
2870.3000 20.3008 10.5721
2875.4000 20.3071 10.5802
2880.5000 20.3071 10.5802
2885.6000 20.3071 10.5802
2890.7000 20.3071 10.5802
2895.8000 20.3071 10.5802
2900.9000 20.3159 10.5927
2906.0000 20.3159 10.5927
2911.1000 20.3159 10.5927
2916.2000 20.3159 10.5927
2921.3000 20.3740 10.6553
2926.4000 20.4285 10.6938
2931.5000 20.4208 10.6818
2936.6000 20.4911 10.7454
2941.7000 20.6775 10.8899
2946.8000 20.6775 10.8899
2951.9000 20.6775 10.8899
2957.0000 20.8071 10.9597
2962.1000 20.8497 11.0059
2967.2000 20.8497 11.0059
2972.3000 20.8922 11.0459
2977.4000 20.8922 11.0459
2982.5000 20.8740 11.0234
2987.6000 20.8968 11.0258
2992.7000 20.8758 10.9965
2997.8000 20.8838 11.0102
3002.9000 21.0786 11.1982
3008.0000 20.9370 11.1104
3013.1000 21.0644 11.1795
3018.2000 21.1190 11.2091
3023.3000 21.1735 11.2387
3028.4000 21.1735 11.2387
3033.5000 21.2281 11.2696
3038.6000 21.2281 11.2696
3043.7000 21.2908 11.3406
3048.8000 21.3651 11.4061
3053.9000 21.4267 11.4718
3059.0000 21.4812 11.5377
3064.1000 21.4812 11.5377
3069.2000 21.5463 11.6067
3074.3000 21.6480 11.6654
3079.4000 21.6480 11.6654
3084.5000 21.7025 11.7116
3089.6000 21.7025 11.7116
3094.7000 21.6978 11.6710
3099.8000 21.7589 11.7164
3104.9000 21.7644 11.7133
3110.0000 21.9340 11.8371
3115.1000 21.9259 11.8280
3120.2000 21.9259 11.8280
3125.3000 21.9259 11.8280
3130.4000 21.8900 11.7841
3135.5000 21.8783 11.7603
3140.6000 21.9302 11.8129
3145.7000 21.9302 11.8129
3150.8000 21.8345 11.7350
3155.9000 21.8285 11.7268
3161.0000 21.8285 11.7268
3166.1000 21.8285 11.7268
3171.2000 21.7852 11.6875
3176.3000 21.6997 11.6046
3181.4000 21.6997 11.6046
3186.5000 21.6997 11.6046
3191.6000 21.6961 11.5591
3196.7000 21.8040 11.6588
3201.8000 21.8043 11.6593
3206.9000 21.8043 11.6593
3212.0000 21.8448 11.7100
3217.1000 21.8448 11.7100
3222.2000 21.9496 11.8296
3227.3000 22.0489 11.8457
3232.4000 22.0489 11.8457
3237.5000 22.0489 11.8457
3242.6000 22.0489 11.8457
3247.7000 22.0489 11.8457
3252.8000 22.0632 11.8624
3257.9000 22.1680 11.9830
3263.0000 22.2323 12.0178
3268.1000 22.2323 12.0178
3273.2000 22.2323 12.0178
3278.3000 22.2788 12.0464
3283.4000 22.2788 12.0464
3288.5000 22.2831 12.0516
3293.6000 22.3736 12.1543
3298.7000 22.3736 12.1543
3303.8000 22.3736 12.1543
3308.9000 22.3736 12.1543
3314.0000 22.5327 12.1975
3319.1000 22.5356 12.2010
3324.2000 22.5356 12.2010
3329.3000 22.5356 12.2010
3334.4000 22.5356 12.2010
3339.5000 22.4794 12.1349
3344.6000 22.4832 12.1554
3349.7000 22.5058 12.1468
3354.8000 22.5058 12.1468
3359.9000 22.4639 12.0956
3365.0000 22.4639 12.0956
3370.1000 22.4155 12.0804
3375.2000 22.6171 12.2215
3380.3000 22.6171 12.2215
3385.4000 22.6171 12.2215
3390.5000 22.6171 12.2215
3395.6000 22.6171 12.2215
3400.7000 22.6043 12.2038
3405.8000 22.6418 12.2484
3410.9000 22.6137 12.2113
3416.0000 22.6137 12.2113
3421.1000 22.6137 12.2113
3426.2000 22.6070 12.2028
3431.3000 22.6870 12.2480
3436.4000 22.6870 12.2480
3441.5000 22.7245 12.2851
3446.6000 22.7245 12.2851
3451.7000 22.7245 12.2851
3456.8000 22.6911 12.2585
3461.9000 22.7837 12.3593
3467.0000 22.8251 12.4042
3472.1000 22.8251 12.4042
3477.2000 22.8251 12.4042
3482.3000 22.8016 12.3715
3487.4000 22.7829 12.3322
3492.5000 22.7796 12.3472
3497.6000 22.7796 12.3472
3502.7000 22.8139 12.3821
3507.8000 22.8139 12.3821
3512.9000 22.8139 12.3821
3518.0000 22.8669 12.4421
3523.1000 23.0531 12.4765
3528.2000 23.0308 12.4504
3533.3000 23.0308 12.4504
3538.4000 23.0308 12.4504
3543.5000 23.0308 12.4504
3548.6000 23.0432 12.4510
3553.7000 23.0361 12.4575
3558.8000 22.9881 12.4087
3563.9000 23.0318 12.4518
3569.0000 23.0318 12.4518
3574.1000 23.0318 12.4518
3579.2000 22.9553 12.3570
3584.3000 23.0155 12.4279
3589.4000 23.0537 12.4620
3594.5000 23.0537 12.4620
3599.6000 23.0537 12.4620
