5.1000 0.0000 0.0000
10.2000 0.0000 0.0000
15.3000 0.0000 0.0000
20.3000 0.0000 0.0000
25.3000 0.0000 0.0000
30.3000 0.0000 0.0000
35.3000 0.1751 0.0368
40.3000 0.1751 0.0368
45.3000 0.1751 0.0368
50.3000 0.1751 0.0368
55.3000 0.1751 0.0368
60.3000 0.3798 0.0864
65.4000 0.3798 0.0864
70.5000 0.3798 0.0864
75.6000 0.3798 0.0864
80.7000 0.7301 0.1567
85.8000 0.9340 0.2036
90.9000 1.1092 0.2372
96.0000 1.1092 0.2372
101.1000 1.1092 0.2372
106.2000 1.1092 0.2372
111.3000 1.2843 0.2701
116.4000 1.5754 0.3643
121.5000 1.9849 0.4512
126.6000 1.9849 0.4512
131.7000 1.9849 0.4512
136.8000 1.9849 0.4512
141.9000 2.1896 0.4934
147.0000 2.5906 0.6547
152.1000 3.0858 0.7795
157.2000 3.0858 0.7795
162.3000 3.2905 0.8172
167.4000 3.7857 0.9351
172.5000 4.2096 1.0965
177.6000 5.1633 1.3792
182.7000 5.8943 1.5180
187.8000 5.8943 1.5180
192.9000 5.8943 1.5180
198.0000 5.8943 1.5180
203.1000 6.6813 1.6076
208.2000 6.8775 1.6276
213.3000 7.0975 1.6554
218.4000 7.0975 1.6554
223.5000 7.0975 1.6554
228.6000 7.2720 1.6671
233.7000 7.7700 1.7557
238.8000 7.9740 1.8825
243.9000 7.9740 1.8825
249.0000 8.5014 2.2192
254.1000 8.5014 2.2192
259.1000 8.5014 2.2192
264.1000 8.6977 2.3150
269.1000 9.0901 2.4126
274.1000 9.0901 2.4126
279.1000 9.0901 2.4126
284.1000 9.2647 2.5743
289.1000 9.6098 2.9640
294.1000 9.8051 2.9722
299.1000 10.1285 3.1946
304.1000 10.4520 3.2546
309.1000 10.4520 3.2546
314.1000 10.6473 3.2596
319.1000 10.6473 3.2596
324.1000 10.9417 3.4407
329.1000 11.2652 3.6557
334.1000 12.0576 3.8790
339.1000 12.0576 3.8790
344.1000 12.2529 3.9817
349.1000 12.4219 3.9745
354.1000 12.4219 3.9745
359.1000 12.4219 3.9745
364.1000 12.4219 3.9745
369.1000 12.6173 4.1473
374.1000 12.6173 4.1473
379.1000 12.8398 4.1506
384.1000 13.0352 4.3254
389.1000 13.2077 4.4896
394.1000 13.2077 4.4896
399.1000 13.4303 4.6471
404.1000 13.6528 4.6467
409.1000 14.5115 4.7300
414.1000 14.5115 4.7300
419.1000 14.5115 4.7300
424.1000 14.9566 4.7187
429.1000 14.9566 4.7187
434.1000 15.4511 4.8383
439.1000 15.7173 4.8411
444.1000 15.9835 4.8424
449.1000 16.1560 5.0596
454.1000 16.1560 5.0596
459.1000 16.1560 5.0596
464.1000 16.3936 5.0506
469.1000 17.5416 5.2250
474.1000 17.9482 5.6694
479.1000 17.9482 5.6694
484.1000 17.9482 5.6694
489.1000 17.9482 5.6694
494.1000 17.9482 5.6694
499.1000 18.3066 5.8028
504.1000 19.0314 6.2629
509.1000 19.2207 6.4577
514.1000 19.2207 6.4577
519.1000 19.2207 6.4577
524.1000 19.4803 6.4388
529.1000 19.4803 6.4388
534.1000 19.4803 6.4388
539.1000 19.7065 6.3095
544.1000 20.2604 6.4437
549.1000 20.4497 6.4100
554.1000 20.4876 6.3963
559.1000 20.4809 6.1970
564.1000 21.0225 6.5309
569.1000 21.5662 6.6215
574.1000 21.5935 6.6494
579.1000 21.8469 6.7771
584.1000 22.2452 7.1895
589.1000 22.2452 7.1895
594.1000 22.2452 7.1895
599.1000 22.5395 7.1625
604.1000 22.7868 7.3512
609.1000 23.0776 7.5251
614.1000 23.3685 7.4924
619.1000 23.3685 7.4924
624.1000 23.3685 7.4924
629.1000 23.3685 7.4924
634.1000 23.5977 7.6552
639.1000 23.5977 7.6552
644.1000 24.3053 7.8325
649.1000 24.3053 7.8325
654.1000 24.5962 7.7926
659.1000 24.8320 8.0435
664.1000 25.6496 8.0901
669.1000 26.2279 8.3342
674.1000 26.2279 8.3342
679.1000 26.6886 8.5483
684.1000 26.6886 8.5483
689.1000 26.6886 8.5483
694.1000 26.6886 8.5483
699.1000 27.0700 8.4323
704.1000 27.2833 8.3715
709.1000 27.2833 8.3715
714.1000 27.2833 8.3715
719.1000 27.5209 8.5091
724.1000 27.6907 8.4503
729.1000 27.8606 8.5238
734.1000 28.4030 8.4047
739.1000 28.6322 8.4459
744.1000 28.9613 8.5269
749.1000 28.9613 8.5269
754.1000 29.1312 8.5961
759.1000 29.7174 8.8238
764.1000 29.9289 8.8388
769.1000 29.9289 8.8388
774.1000 29.8305 8.7346
779.1000 30.1236 8.6629
784.1000 30.1236 8.6629
789.1000 30.3474 8.7458
794.1000 30.7721 8.7010
799.1000 30.7721 8.7010
804.1000 30.7721 8.7010
809.1000 30.9837 8.8385
814.1000 31.6059 8.6841
819.1000 31.8644 8.8831
824.1000 31.6283 8.6583
829.1000 32.1452 9.1371
834.1000 32.1452 9.1371
839.1000 31.9698 8.9902
844.1000 32.2769 9.1509
849.1000 32.2769 9.1509
854.1000 32.4951 9.3077
859.1000 33.1495 9.0508
864.1000 34.0669 9.1959
869.1000 34.5435 9.3142
874.1000 34.5435 9.3142
879.1000 34.5435 9.3142
884.1000 35.1995 9.2885
889.1000 35.1995 9.2885
894.1000 35.4209 9.3107
899.1000 35.6422 9.3296
904.1000 35.8660 9.2302
909.1000 35.8660 9.2302
914.1000 36.0684 9.2377
919.1000 36.5135 9.3104
924.1000 36.7349 9.2076
929.1000 37.3931 9.6905
934.1000 37.3931 9.6905
939.1000 37.3931 9.6905
944.1000 37.3931 9.6905
949.1000 37.5988 9.4009
954.1000 37.8012 9.2978
959.1000 37.8643 9.3489
964.1000 37.5731 9.2610
969.1000 38.0742 9.2102
974.1000 38.0742 9.2102
979.1000 38.2998 9.0995
984.1000 38.2998 9.0995
989.1000 38.5503 8.9829
994.1000 38.5503 8.9829
999.1000 38.5503 8.9829
1004.1000 38.5503 8.9829
1009.1000 38.6129 9.0420
1014.1000 38.6129 9.0420
1019.1000 39.1586 9.0842
1024.1000 39.1586 9.0842
1029.2000 39.1586 9.0842
1034.3000 39.1586 9.0842
1039.4000 39.7950 9.4305
1044.5000 39.5042 9.2353
1049.6000 39.5042 9.2353
1054.7000 39.5042 9.2353
1059.8000 39.9553 9.1104
1064.9000 40.6954 8.9118
1070.0000 41.1465 9.0278
1075.1000 41.6544 9.1626
1080.2000 41.6544 9.1626
1085.3000 41.6544 9.1626
1090.4000 41.6544 9.1626
1095.5000 42.2937 9.2658
1100.6000 42.3325 9.3052
1105.7000 42.3325 9.3052
1110.8000 42.6414 9.4818
1115.9000 42.6414 9.4818
1121.0000 42.6527 9.4938
1126.1000 42.6527 9.4938
1131.2000 42.9100 9.6826
1136.3000 42.6156 9.6662
1141.4000 42.9887 9.7498
1146.5000 42.9887 9.7498
1151.6000 43.7650 10.0388
1156.7000 43.5247 9.8617
1161.8000 44.0857 10.0607
1166.9000 44.0857 10.0607
1172.0000 44.5969 10.1492
1177.1000 44.3057 9.9918
1182.2000 44.9418 10.0650
1187.3000 45.1546 9.9879
1192.4000 45.7142 10.0330
1197.5000 46.0199 9.8657
1202.6000 46.0199 9.8657
1207.7000 46.0199 9.8657
1212.8000 46.1554 9.7027
1217.9000 46.9318 9.6285
1223.0000 47.3914 9.3246
1228.1000 47.3914 9.3246
1233.2000 47.3914 9.3246
1238.3000 47.3914 9.3246
1243.4000 47.6260 9.1683
1248.5000 47.6010 9.1429
1253.6000 47.9072 9.2823
1258.7000 47.8990 9.1148
1263.8000 47.8990 9.1148
1268.9000 47.9822 9.1701
1274.0000 48.2168 9.2974
1279.1000 48.4969 9.1214
1284.2000 48.6525 9.2009
1289.3000 48.8870 9.2040
1294.4000 48.8870 9.2040
1299.5000 48.8870 9.2040
1304.6000 48.8870 9.2040
1309.7000 49.1750 9.1791
1314.8000 49.1979 9.1946
1319.9000 49.1979 9.1946
1325.0000 49.1979 9.1946
1330.1000 49.1979 9.1946
1335.2000 49.1979 9.1946
1340.3000 49.1979 9.1946
1345.4000 49.1165 9.1008
1350.5000 49.1165 9.1008
1355.6000 49.1165 9.1008
1360.7000 49.3966 9.0385
1365.8000 49.3966 9.0385
1370.9000 49.3966 9.0385
1376.0000 49.3966 9.0385
1381.1000 49.8323 8.9699
1386.2000 50.0170 9.0889
1391.3000 50.0170 9.0889
1396.4000 50.0170 9.0889
1401.5000 50.0480 9.1096
1406.6000 50.5632 9.0329
1411.7000 50.8305 9.1964
1416.8000 50.8305 9.1964
1421.9000 51.0123 9.1559
1427.0000 51.2295 9.2350
1432.1000 51.2295 9.2350
1437.2000 51.0480 9.1753
1442.3000 51.2451 9.2508
1447.4000 51.2348 9.2422
1452.5000 51.4470 9.3068
1457.6000 51.6441 9.3677
1462.7000 51.3530 9.2412
1467.8000 51.3267 9.2178
1472.9000 51.5446 9.2078
1478.0000 51.5446 9.2078
1483.1000 51.7417 9.0512
1488.2000 51.4911 8.9378
1493.3000 51.7884 9.0836
1498.4000 52.1901 8.9205
1503.5000 52.1901 8.9205
1508.6000 51.8993 8.9446
1513.7000 52.1965 8.9223
1518.8000 51.8894 8.7517
1523.9000 51.8894 8.7517
1529.0000 52.0793 8.6909
1534.1000 52.0731 8.5231
1539.2000 52.4808 8.5613
1544.3000 52.6707 8.4052
1549.4000 52.5304 8.3431
1554.5000 52.7333 8.4482
1559.6000 52.9232 8.3885
1564.7000 53.3281 8.5293
1569.8000 53.5180 8.5454
1574.9000 53.5180 8.5454
1580.0000 53.7079 8.6359
1585.1000 53.5328 8.5844
1590.2000 53.5575 8.4997
1595.3000 53.4086 8.4349
1600.4000 53.6116 8.5364
1605.5000 53.6116 8.5364
1610.6000 53.6116 8.5364
1615.7000 53.6116 8.5364
1620.8000 53.6668 8.5575
1625.9000 53.6668 8.5575
1631.0000 53.6668 8.5575
1636.1000 53.6668 8.5575
1641.2000 53.4162 8.5696
1646.3000 53.1579 8.4867
1651.4000 53.1579 8.4867
1656.5000 53.3626 8.5638
1661.6000 53.5857 8.6856
1666.7000 53.5857 8.6856
1671.8000 53.0857 8.3987
1676.9000 53.6113 8.4441
1682.0000 53.8267 8.6580
1687.1000 53.8267 8.6580
1692.2000 54.0313 8.4880
1697.3000 54.0313 8.4880
1702.4000 54.0986 8.1873
1707.5000 54.9529 8.2914
1712.6000 54.9529 8.2914
1717.7000 55.2362 8.3601
1722.8000 55.2782 8.3793
1727.9000 55.5615 8.3074
1733.0000 55.3445 8.3878
1738.1000 55.0996 8.2653
1743.2000 55.3483 8.3318
1748.3000 55.6337 8.3192
1753.4000 55.6337 8.3192
1758.5000 55.8792 8.2216
1763.6000 56.1768 8.2093
1768.7000 56.1768 8.2093
1773.8000 56.7657 8.2833
1778.9000 56.4681 8.3076
1784.0000 57.3514 8.1797
1789.1000 57.8848 8.3449
1794.2000 58.1238 8.4520
1799.3000 58.1238 8.4520
1804.4000 58.1044 8.4703
1809.5000 57.5861 8.3716
1814.6000 57.5861 8.3716
1819.7000 57.5861 8.3716
1824.8000 57.6102 8.2435
1829.9000 57.9305 8.1292
1835.0000 57.9305 8.1292
1840.1000 57.9305 8.1292
1845.2000 57.8550 8.1267
1850.3000 57.8550 8.1267
1855.4000 57.5333 7.8582
1860.5000 58.3320 7.8080
1865.6000 58.0814 7.7003
1870.7000 58.3110 7.7930
1875.8000 58.0764 7.7401
1880.9000 58.3243 7.8000
1886.0000 58.7569 7.5626
1891.1000 58.7569 7.5626
1896.2000 58.7569 7.5626
1901.3000 58.7569 7.5626
1906.4000 58.4149 7.4313
1911.5000 59.3504 7.4039
1916.6000 59.5954 7.3178
1921.7000 59.5768 7.2942
1926.8000 59.8218 7.3727
1931.9000 59.8998 7.4521
1937.0000 60.1020 7.4977
1942.1000 60.2748 7.5172
1947.2000 60.5387 7.5662
1952.3000 60.7115 7.4635
1957.4000 60.9137 7.3672
1962.5000 61.2339 7.1002
1967.6000 61.2339 7.1002
1972.7000 61.1765 7.1924
1977.8000 61.1765 7.1924
1982.9000 61.3787 7.2586
1988.0000 61.3787 7.2586
1993.1000 61.3787 7.2586
1998.2000 61.5345 7.1523
2003.3000 61.8760 7.0820
2008.4000 62.1185 7.1383
2013.5000 61.9004 7.1022
2018.6000 62.0444 7.1701
2023.7000 61.9899 7.1349
2028.8000 61.9899 7.1349
2033.9000 61.9383 7.2209
2039.0000 62.1552 7.2608
2044.1000 62.3890 7.3459
2049.2000 62.1652 7.2704
2054.3000 62.4367 7.3699
2059.4000 62.6389 7.3600
2064.5000 62.6389 7.3600
2069.6000 63.3543 7.2888
2074.7000 63.5906 7.3880
2079.8000 63.5906 7.3880
2084.9000 63.9109 7.2624
2090.0000 63.6775 7.1032
2095.1000 63.6775 7.1032
2100.2000 63.6775 7.1032
2105.3000 64.0962 7.0050
2110.4000 64.0962 7.0050
2115.5000 64.0962 7.0050
2120.6000 64.0632 6.9887
2125.7000 64.0955 7.0025
2130.8000 64.1374 7.0248
2135.9000 64.2100 7.0407
2141.0000 64.2100 7.0407
2146.1000 64.4634 7.0819
2151.2000 64.4634 7.0819
2156.3000 64.4634 7.0819
2161.4000 64.8744 7.0235
2166.5000 64.8744 7.0235
2171.6000 64.6068 6.9219
2176.7000 64.4571 6.7006
2181.8000 64.4571 6.7006
2186.9000 64.7029 6.7953
2192.0000 64.4848 6.7517
2197.1000 64.9092 6.7043
2202.2000 65.2771 6.4319
2207.3000 64.7453 6.4624
2212.4000 65.1827 6.4491
2217.5000 65.2662 6.3681
2222.6000 65.5892 6.3792
2227.7000 65.8426 6.4336
2232.8000 65.8201 6.4274
2237.9000 66.0672 6.4268
2243.0000 66.0672 6.4268
2248.1000 66.0931 6.4399
2253.2000 66.0931 6.4399
2258.3000 66.0931 6.4399
2263.4000 65.5562 6.5389
2268.5000 66.2644 6.5242
2273.6000 66.1912 6.5328
2278.7000 66.7961 6.6172
2283.8000 66.9670 6.6083
2288.9000 66.9287 6.5882
2294.0000 66.9287 6.5882
2299.1000 66.9287 6.5882
2304.2000 66.9287 6.5882
2309.3000 67.2118 6.5249
2314.4000 67.2708 6.5450
2319.5000 67.2708 6.5450
2324.6000 67.1957 6.4870
2329.7000 67.1957 6.4870
2334.8000 67.1597 6.4655
2339.9000 67.0743 6.4299
2345.0000 67.3304 6.4537
2350.1000 67.5236 6.4671
2355.2000 67.5364 6.4743
2360.3000 67.7316 6.5087
2365.4000 67.4227 6.5822
2370.5000 67.5086 6.6212
2375.6000 67.3586 6.6519
2380.7000 67.9822 6.6582
2385.8000 67.9324 6.5522
2390.9000 67.9324 6.5522
2396.0000 67.9324 6.5522
2401.1000 67.9324 6.5522
2406.2000 67.9324 6.5522
2411.3000 68.2151 6.4769
2416.4000 67.9869 6.4419
2421.5000 67.7086 6.4527
2426.6000 68.2311 6.3561
2431.7000 68.2311 6.3561
2436.8000 67.9861 6.3251
2441.9000 67.4828 6.3082
2447.0000 67.5643 6.2117
2452.1000 67.5643 6.2117
2457.2000 67.6458 6.2412
2462.3000 67.3625 6.1938
2467.4000 67.6128 6.2248
2472.5000 67.6128 6.2248
2477.6000 68.0794 6.0459
2482.7000 67.5829 5.9489
2487.8000 67.7884 5.9845
2492.9000 67.6341 5.9961
2498.0000 67.8726 5.9829
2503.1000 67.8726 5.9829
2508.2000 67.8726 5.9829
2513.3000 67.8726 5.9829
2518.4000 67.8854 5.9883
2523.5000 67.8542 5.9763
2528.6000 68.0597 5.8443
2533.7000 68.2762 5.8620
2538.8000 68.2762 5.8620
2543.9000 68.2762 5.8620
2549.0000 68.2762 5.8620
2554.1000 67.9770 5.7790
2559.2000 68.0854 5.7893
2564.3000 67.5842 5.7770
2569.4000 68.1103 5.7507
2574.5000 68.1103 5.7507
2579.6000 67.9404 5.7710
2584.7000 68.0168 5.7421
2589.8000 68.2333 5.7967
2594.9000 68.7895 5.7270
2600.0000 69.0366 5.7936
2605.1000 69.0366 5.7936
2610.2000 69.1129 5.8111
2615.3000 69.0643 5.7778
2620.4000 69.2385 5.7526
2625.5000 69.4769 5.4906
2630.6000 68.8285 5.3708
2635.7000 69.3501 5.3035
2640.8000 69.1811 5.3436
2645.9000 69.6760 5.2283
2651.0000 69.7542 5.2434
2656.1000 70.1762 5.2895
2661.2000 70.1541 5.2781
2666.3000 69.9279 5.2694
2671.4000 70.0254 5.2533
2676.5000 70.0254 5.2533
2681.6000 70.1565 5.0661
2686.7000 70.1565 5.0661
2691.8000 70.0938 5.0717
2696.9000 70.2077 5.0503
2702.0000 69.9492 5.0375
2707.1000 70.2990 5.0196
2712.2000 70.0316 5.0179
2717.3000 69.8329 5.0407
2722.4000 70.1357 5.0576
2727.5000 70.1357 5.0576
2732.6000 69.8684 5.1010
2737.7000 70.2839 5.0947
2742.8000 70.2839 5.0947
2747.9000 70.4616 5.0522
2753.0000 70.1783 5.0748
2758.1000 70.5305 5.0605
2763.2000 70.4101 5.0377
2768.3000 70.4101 5.0377
2773.4000 70.4101 5.0377
2778.5000 70.2152 5.0807
2783.6000 70.5604 5.0807
2788.7000 70.5604 5.0807
2793.8000 70.5604 5.0807
2798.9000 70.5604 5.0807
2804.0000 70.3876 5.1082
2809.1000 70.6290 5.0896
2814.2000 70.7653 5.1367
2819.3000 70.9553 5.1412
2824.4000 70.5053 5.2030
2829.5000 70.6025 5.0476
2834.6000 70.7925 4.9409
2839.7000 70.7925 4.9409
2844.8000 71.1516 4.9830
2849.9000 71.1516 4.9830
2855.0000 71.1516 4.9830
2860.1000 71.1516 4.9830
2865.2000 71.0755 4.9711
2870.3000 70.9647 4.9965
2875.4000 71.6459 5.0651
2880.5000 71.9505 5.1290
2885.6000 71.9505 5.1290
2890.7000 72.4179 4.8135
2895.8000 72.4179 4.8135
2900.9000 72.4625 4.8338
2906.0000 72.7647 4.5055
2911.1000 72.7647 4.5055
2916.2000 72.7647 4.5055
2921.3000 72.7647 4.5055
2926.4000 72.7647 4.5055
2931.5000 72.9373 4.4449
2936.6000 72.9659 4.4859
2941.7000 73.2919 4.5144
2946.8000 73.2919 4.5144
2951.9000 73.5173 4.4898
2957.0000 73.3886 4.5119
2962.1000 73.3886 4.5119
2967.2000 73.1510 4.4874
2972.3000 73.1510 4.4874
2977.4000 73.1607 4.4828
2982.5000 72.8309 4.5618
2987.6000 72.8556 4.3935
2992.7000 73.1977 4.4351
2997.8000 73.1977 4.4351
3002.9000 73.1616 4.4210
3008.0000 73.4899 4.2949
3013.1000 73.8052 4.2505
3018.2000 73.8052 4.2505
3023.3000 73.7862 4.3015
3028.4000 74.1144 4.2832
3033.5000 73.6561 4.3029
3038.6000 74.1734 4.2304
3043.7000 74.2082 4.2384
3048.8000 74.1700 4.3037
3053.9000 74.4450 4.2866
3059.0000 74.4450 4.2866
3064.1000 74.4450 4.2866
3069.2000 74.4436 4.2864
3074.3000 74.5511 4.1226
3079.4000 74.5826 4.1270
3084.5000 74.5826 4.1270
3089.6000 74.5773 4.1260
3094.7000 74.5773 4.1260
3099.8000 74.5773 4.1260
3104.9000 74.8119 4.0325
3110.0000 74.7588 4.0152
3115.1000 75.0152 3.7107
3120.2000 75.0152 3.7107
3125.3000 75.0152 3.7107
3130.4000 75.0926 3.7285
3135.5000 74.7731 3.8553
3140.6000 74.7731 3.8553
3145.7000 74.7731 3.8553
3150.8000 74.7731 3.8553
3155.9000 74.7394 3.8491
3161.0000 74.7394 3.8491
3166.1000 74.7394 3.8491
3171.2000 74.7462 3.8508
3176.3000 74.9501 3.8658
3181.4000 74.9501 3.8658
3186.5000 74.9501 3.8658
3191.6000 75.1217 3.7495
3196.7000 75.1217 3.7495
3201.8000 75.1217 3.7495
3206.9000 75.3781 3.6664
3212.0000 75.3781 3.6664
3217.1000 75.3781 3.6664
3222.2000 74.7820 3.6228
3227.3000 75.2363 3.4590
3232.4000 75.2363 3.4590
3237.5000 75.5113 3.2946
3242.6000 75.3543 3.2474
3247.7000 75.3393 3.2481
3252.8000 75.3652 3.2722
3257.9000 75.7121 3.3017
3263.0000 75.7121 3.3017
3268.1000 75.7121 3.3017
3273.2000 75.7121 3.3017
3278.3000 75.6566 3.1797
3283.4000 76.0435 3.1310
3288.5000 76.0436 3.2261
3293.6000 76.4830 3.0459
3298.7000 76.2445 3.0603
3303.8000 76.4859 3.0894
3308.9000 75.9736 3.2342
3314.0000 75.8347 3.1459
3319.1000 76.1742 3.1341
3324.2000 76.3602 3.1211
3329.3000 76.3225 3.1210
3334.4000 76.3225 3.1210
3339.5000 76.3225 3.1210
3344.6000 76.2064 3.0887
3349.7000 75.8773 3.2982
3354.8000 76.2015 3.3025
3359.9000 76.2015 3.3025
3365.0000 76.2015 3.3025
3370.1000 76.3149 3.3440
3375.2000 76.3101 3.3388
3380.3000 76.3625 3.2670
3385.4000 76.2600 3.3548
3390.5000 76.3270 3.2707
3395.6000 76.3270 3.2707
3400.7000 76.2446 3.2473
3405.8000 76.5299 3.2783
3410.9000 76.3095 3.3027
3416.0000 76.5053 3.2491
3421.1000 77.0719 3.3141
3426.2000 77.0439 3.3053
3431.3000 77.0439 3.3053
3436.4000 77.3056 3.2844
3441.5000 77.3056 3.2844
3446.6000 77.3626 3.2125
3451.7000 77.3413 3.2057
3456.8000 77.1113 3.1684
3461.9000 77.3966 3.1990
3467.0000 77.3966 3.1990
3472.1000 77.3745 3.1875
3477.2000 77.3745 3.1875
3482.3000 77.3745 3.1875
3487.4000 77.3346 3.1810
3492.5000 77.3346 3.1810
3497.6000 77.3846 3.1959
3502.7000 76.9904 3.2189
3507.8000 77.4455 3.2221
3512.9000 77.6181 3.2479
3518.0000 77.4061 3.2299
3523.1000 77.3042 3.2150
3528.2000 77.3042 3.2150
3533.3000 77.3042 3.2150
3538.4000 77.3042 3.2150
3543.5000 77.4664 3.2480
3548.6000 77.0011 3.3342
3553.7000 76.7846 3.3641
3558.8000 77.1129 3.3628
3563.9000 77.4412 3.1546
3569.0000 77.4412 3.1546
3574.1000 77.4412 3.1546
3579.2000 77.6340 3.1650
3584.3000 77.4318 3.1898
3589.4000 77.6043 3.1625
3594.5000 77.2243 3.2581
3599.6000 78.0229 2.9453
