5.1000 0.0000 0.0000
10.2000 0.0000 0.0000
15.3000 0.0000 0.0000
20.3000 0.0000 0.0000
25.3000 0.0000 0.0000
30.3000 0.0000 0.0000
35.3000 0.0014 0.0000
40.3000 0.0045 0.0000
45.3000 0.0069 0.0000
50.3000 0.0080 0.0000
55.3000 0.0108 0.0000
60.3000 0.0157 0.0000
65.4000 0.0171 0.0000
70.5000 0.0314 0.0003
75.6000 0.0477 0.0006
80.7000 0.0536 0.0006
85.8000 0.0586 0.0006
90.9000 0.0650 0.0007
96.0000 0.0670 0.0007
101.1000 0.0685 0.0007
106.2000 0.0732 0.0007
111.3000 0.0747 0.0007
116.4000 0.0801 0.0007
121.5000 0.0871 0.0007
126.6000 0.0927 0.0007
131.7000 0.0965 0.0008
136.8000 0.1043 0.0008
141.9000 0.1115 0.0008
147.0000 0.1234 0.0009
152.1000 0.1449 0.0011
157.2000 0.1615 0.0012
162.3000 0.1964 0.0067
167.4000 0.2101 0.0068
172.5000 0.2279 0.0069
177.6000 0.2448 0.0071
182.7000 0.2572 0.0072
187.8000 0.2990 0.0095
192.9000 0.3261 0.0147
198.0000 0.3437 0.0149
203.1000 0.3677 0.0152
208.2000 0.3855 0.0154
213.3000 0.4107 0.0178
218.4000 0.4525 0.0295
223.5000 0.4748 0.0299
228.6000 0.4941 0.0302
233.7000 0.5152 0.0304
238.8000 0.5526 0.0326
243.9000 0.5761 0.0374
249.0000 0.6177 0.0429
254.1000 0.6547 0.0517
259.1000 0.6793 0.0565
264.1000 0.7080 0.0668
269.1000 0.7317 0.0672
274.1000 0.7589 0.0678
279.1000 0.8031 0.0843
284.1000 0.8236 0.0847
289.1000 0.8490 0.0912
294.1000 0.8709 0.0917
299.1000 0.8901 0.0922
304.1000 0.9070 0.0926
309.1000 0.9346 0.1006
314.1000 0.9567 0.1012
319.1000 1.0115 0.1111
324.1000 1.0433 0.1213
329.1000 1.0541 0.1215
334.1000 1.0644 0.1218
339.1000 1.0993 0.1454
344.1000 1.1112 0.1456
349.1000 1.1316 0.1484
354.1000 1.1517 0.1557
359.1000 1.1524 0.1557
364.1000 1.1551 0.1558
369.1000 1.1618 0.1559
374.1000 1.1647 0.1560
379.1000 1.1701 0.1560
384.1000 1.1779 0.1561
389.1000 1.1944 0.1563
394.1000 1.2089 0.1565
399.1000 1.2265 0.1568
404.1000 1.2465 0.1570
409.1000 1.2741 0.1571
414.1000 1.3367 0.1615
419.1000 1.4220 0.1850
424.1000 1.4785 0.1978
429.1000 1.5407 0.2173
434.1000 1.5936 0.2168
439.1000 1.6626 0.2319
444.1000 1.7157 0.2317
449.1000 1.7597 0.2315
454.1000 1.7992 0.2312
459.1000 1.8353 0.2314
464.1000 1.8732 0.2448
469.1000 1.8981 0.2448
474.1000 1.9279 0.2450
479.1000 1.9655 0.2616
484.1000 1.9867 0.2620
489.1000 2.0445 0.2684
494.1000 2.1023 0.2906
499.1000 2.1555 0.3174
504.1000 2.2202 0.3662
509.1000 2.2471 0.3668
514.1000 2.2780 0.3816
519.1000 2.2969 0.3820
524.1000 2.3355 0.3985
529.1000 2.3616 0.3988
534.1000 2.3997 0.3991
539.1000 2.4444 0.3994
544.1000 2.4919 0.4126
549.1000 2.5414 0.4127
554.1000 2.5963 0.4201
559.1000 2.6401 0.4204
564.1000 2.6945 0.4204
569.1000 2.7732 0.4396
574.1000 2.8334 0.4398
579.1000 2.8685 0.4169
584.1000 2.9084 0.4207
589.1000 2.9571 0.4274
594.1000 3.0055 0.4263
599.1000 3.0424 0.4212
604.1000 3.0738 0.4215
609.1000 3.0959 0.4247
614.1000 3.1253 0.4324
619.1000 3.1444 0.4310
624.1000 3.1589 0.4268
629.1000 3.1729 0.4279
634.1000 3.1869 0.4246
639.1000 3.2001 0.4306
644.1000 3.2064 0.4189
649.1000 3.2158 0.4194
654.1000 3.2459 0.4210
659.1000 3.2952 0.4444
664.1000 3.3477 0.4797
669.1000 3.3861 0.5042
674.1000 3.4188 0.5271
679.1000 3.4610 0.5746
684.1000 3.4785 0.5775
689.1000 3.4961 0.5696
694.1000 3.5183 0.5784
699.1000 3.5360 0.5773
704.1000 3.5731 0.5846
709.1000 3.5956 0.5817
714.1000 3.6281 0.5860
719.1000 3.6524 0.5773
724.1000 3.6853 0.5807
729.1000 3.7146 0.5862
734.1000 3.7391 0.5823
739.1000 3.7683 0.5830
744.1000 3.7935 0.5836
749.1000 3.8304 0.5860
754.1000 3.8625 0.5899
759.1000 3.8789 0.5762
764.1000 3.9447 0.5906
769.1000 4.0054 0.6046
774.1000 4.0692 0.6286
779.1000 4.1025 0.6246
784.1000 4.1635 0.6545
789.1000 4.2303 0.6863
794.1000 4.3093 0.7119
799.1000 4.3657 0.7067
804.1000 4.4288 0.7225
809.1000 4.4955 0.7361
814.1000 4.5672 0.7346
819.1000 4.6579 0.7492
824.1000 4.7223 0.7315
829.1000 4.7936 0.7319
834.1000 4.8525 0.7389
839.1000 4.9020 0.7259
844.1000 4.9808 0.7354
849.1000 5.0546 0.7521
854.1000 5.1160 0.7551
859.1000 5.1561 0.7439
864.1000 5.2129 0.7439
869.1000 5.2689 0.7507
874.1000 5.3261 0.7512
879.1000 5.3855 0.7599
884.1000 5.4610 0.7976
889.1000 5.5208 0.8310
894.1000 5.5841 0.8519
899.1000 5.6143 0.8551
904.1000 5.6547 0.8704
909.1000 5.7022 0.8669
914.1000 5.7481 0.8674
919.1000 5.7991 0.8646
924.1000 5.8311 0.8499
929.1000 5.8718 0.8718
934.1000 5.8934 0.8625
939.1000 5.9053 0.8406
944.1000 5.9586 0.8787
949.1000 5.9881 0.8698
954.1000 6.0281 0.8745
959.1000 6.0634 0.8696
964.1000 6.0902 0.8657
969.1000 6.1294 0.8741
974.1000 6.1638 0.8621
979.1000 6.1999 0.8673
984.1000 6.2435 0.8593
989.1000 6.2875 0.8641
994.1000 6.3360 0.8594
999.1000 6.3870 0.8656
1004.1000 6.4429 0.8587
1009.1000 6.4911 0.8690
1014.1000 6.5200 0.8610
1019.1000 6.5550 0.8650
1024.1000 6.5920 0.8700
1029.2000 6.6139 0.8540
1034.3000 6.6445 0.8530
1039.4000 6.6750 0.8521
1044.5000 6.7176 0.8504
1049.6000 6.7680 0.8525
1054.7000 6.8473 0.8753
1059.8000 6.8987 0.8945
1064.9000 6.9571 0.9326
1070.0000 7.0392 1.0023
1075.1000 7.1113 1.0516
1080.2000 7.1313 1.0310
1085.3000 7.1777 1.0423
1090.4000 7.2342 1.0695
1095.5000 7.3123 1.1318
1100.6000 7.3469 1.1086
1105.7000 7.4066 1.1201
1110.8000 7.4597 1.1367
1115.9000 7.5049 1.1162
1121.0000 7.5613 1.1120
1126.1000 7.6239 1.1058
1131.2000 7.7132 1.1212
1136.3000 7.7726 1.1149
1141.4000 7.8156 1.0968
1146.5000 7.8675 1.1072
1151.6000 7.9059 1.1193
1156.7000 7.9139 1.0908
1161.8000 7.9724 1.1384
1166.9000 7.9776 1.0994
1172.0000 7.9998 1.1029
1177.1000 8.0480 1.1244
1182.2000 8.0855 1.1310
1187.3000 8.1200 1.1359
1192.4000 8.1396 1.1252
1197.5000 8.1699 1.1373
1202.6000 8.1960 1.1521
1207.7000 8.2066 1.1354
1212.8000 8.2384 1.1675
1217.9000 8.2526 1.1759
1223.0000 8.2662 1.1792
1228.1000 8.2729 1.1665
1233.2000 8.2920 1.1720
1238.3000 8.3044 1.1723
1243.4000 8.3190 1.1700
1248.5000 8.3333 1.1555
1253.6000 8.3535 1.1659
1258.7000 8.3729 1.1737
1263.8000 8.3911 1.1659
1268.9000 8.4286 1.1759
1274.0000 8.4551 1.1709
1279.1000 8.4764 1.1600
1284.2000 8.5194 1.1791
1289.3000 8.5537 1.1774
1294.4000 8.5811 1.1673
1299.5000 8.6469 1.2029
1304.6000 8.6919 1.1937
1309.7000 8.7493 1.2018
1314.8000 8.8139 1.2117
1319.9000 8.8886 1.2236
1325.0000 8.9418 1.2177
1330.1000 9.0048 1.2107
1335.2000 9.1111 1.2565
1340.3000 9.1803 1.2733
1345.4000 9.2405 1.2833
1350.5000 9.3042 1.2837
1355.6000 9.3550 1.2712
1360.7000 9.3972 1.2616
1365.8000 9.4283 1.2571
1370.9000 9.4665 1.2702
1376.0000 9.5007 1.2683
1381.1000 9.5332 1.2740
1386.2000 9.5650 1.2784
1391.3000 9.5765 1.2485
1396.4000 9.6312 1.2822
1401.5000 9.6576 1.2738
1406.6000 9.6897 1.2664
1411.7000 9.7183 1.2535
1416.8000 9.7650 1.2557
1421.9000 9.8247 1.2757
1427.0000 9.8690 1.2593
1432.1000 9.9258 1.2702
1437.2000 9.9581 1.2284
1442.3000 10.0469 1.2452
1447.4000 10.1195 1.2441
1452.5000 10.1903 1.2459
1457.6000 10.2424 1.2284
1462.7000 10.3232 1.2583
1467.8000 10.3903 1.2613
1472.9000 10.4456 1.2472
1478.0000 10.5087 1.2529
1483.1000 10.5584 1.2413
1488.2000 10.6114 1.2478
1493.3000 10.6405 1.2433
1498.4000 10.6784 1.2511
1503.5000 10.7068 1.2420
1508.6000 10.7255 1.2286
1513.7000 10.7546 1.2411
1518.8000 10.7723 1.2447
1523.9000 10.7974 1.2673
1529.0000 10.7974 1.2471
1534.1000 10.8051 1.2404
1539.2000 10.8124 1.2307
1544.3000 10.8253 1.2328
1549.4000 10.8498 1.2579
1554.5000 10.8665 1.2680
1559.6000 10.8838 1.2616
1564.7000 10.9091 1.2704
1569.8000 10.9061 1.2484
1574.9000 10.9458 1.2878
1580.0000 10.9674 1.2919
1585.1000 10.9774 1.2692
1590.2000 10.9893 1.2481
1595.3000 11.0234 1.2500
1600.4000 11.0648 1.2586
1605.5000 11.0828 1.2290
1610.6000 11.1127 1.2258
1615.7000 11.1501 1.2419
1620.8000 11.2009 1.2663
1625.9000 11.2147 1.2277
1631.0000 11.2540 1.2276
1636.1000 11.3026 1.2299
1641.2000 11.3560 1.2388
1646.3000 11.4075 1.2439
1651.4000 11.4308 1.2173
1656.5000 11.5026 1.2584
1661.6000 11.5539 1.2576
1666.7000 11.5501 1.1943
1671.8000 11.6192 1.2389
1676.9000 11.6763 1.2470
1682.0000 11.7385 1.2461
1687.1000 11.7873 1.2321
1692.2000 11.8440 1.2231
1697.3000 11.9253 1.2325
1702.4000 11.9866 1.2054
1707.5000 12.0508 1.1910
1712.6000 12.1115 1.1902
1717.7000 12.1781 1.1958
1722.8000 12.2483 1.2159
1727.9000 12.3025 1.2041
1733.0000 12.3754 1.2253
1738.1000 12.4303 1.2185
1743.2000 12.4848 1.2187
1748.3000 12.5360 1.2126
1753.4000 12.5986 1.2304
1758.5000 12.6453 1.2303
1763.6000 12.6818 1.2239
1768.7000 12.7081 1.2037
1773.8000 12.7523 1.2194
1778.9000 12.7956 1.2397
1784.0000 12.8185 1.2171
1789.1000 12.8439 1.1944
1794.2000 12.8829 1.1958
1799.3000 12.9196 1.1989
1804.4000 12.9515 1.2029
1809.5000 12.9636 1.1725
1814.6000 13.0122 1.1902
1819.7000 13.0401 1.1734
1824.8000 13.0876 1.1845
1829.9000 13.1206 1.1597
1835.0000 13.1906 1.1855
1840.1000 13.2346 1.1815
1845.2000 13.2861 1.1924
1850.3000 13.3163 1.1767
1855.4000 13.3511 1.1835
1860.5000 13.3843 1.1921
1865.6000 13.4193 1.1898
1870.7000 13.4585 1.2012
1875.8000 13.4932 1.2012
1880.9000 13.5346 1.2057
1886.0000 13.5504 1.1982
1891.1000 13.5660 1.1982
1896.2000 13.5891 1.2106
1901.3000 13.5846 1.1905
1906.4000 13.6083 1.2029
1911.5000 13.6314 1.2006
1916.6000 13.6502 1.1959
1921.7000 13.6654 1.1883
1926.8000 13.7242 1.2547
1931.9000 13.7337 1.2515
1937.0000 13.7381 1.2461
1942.1000 13.7534 1.2563
1947.2000 13.7717 1.2601
1952.3000 13.7925 1.2619
1957.4000 13.8069 1.2524
1962.5000 13.8203 1.2542
1967.6000 13.8359 1.2546
1972.7000 13.8567 1.2588
1977.8000 13.8493 1.2243
1982.9000 13.8760 1.2405
1988.0000 13.9125 1.2738
1993.1000 13.9000 1.2282
1998.2000 13.9267 1.2452
2003.3000 13.9519 1.2626
2008.4000 13.9360 1.2206
2013.5000 13.9562 1.2228
2018.6000 13.9734 1.2311
2023.7000 13.9994 1.2447
2028.8000 14.0094 1.2261
2033.9000 14.0398 1.2324
2039.0000 14.0813 1.2423
2044.1000 14.1266 1.2482
2049.2000 14.1507 1.2141
2054.3000 14.2140 1.2288
2059.4000 14.2715 1.2380
2064.5000 14.3297 1.2262
2069.6000 14.3923 1.2270
2074.7000 14.4318 1.2136
2079.8000 14.5023 1.2526
2084.9000 14.5340 1.2249
2090.0000 14.5747 1.2201
2095.1000 14.6087 1.2161
2100.2000 14.6643 1.2427
2105.3000 14.7026 1.2570
2110.4000 14.6981 1.2113
2115.5000 14.7439 1.2200
2120.6000 14.7665 1.2011
2125.7000 14.8057 1.2075
2130.8000 14.8454 1.2189
2135.9000 14.8640 1.2122
2141.0000 14.8909 1.2075
2146.1000 14.9215 1.2156
2151.2000 14.9542 1.2315
2156.3000 14.9635 1.2123
2161.4000 14.9879 1.2203
2166.5000 15.0225 1.2443
2171.6000 15.0308 1.2234
2176.7000 15.0480 1.2356
2181.8000 15.0469 1.2054
2186.9000 15.0669 1.2086
2192.0000 15.1030 1.2374
2197.1000 15.1136 1.2265
2202.2000 15.1361 1.2374
2207.3000 15.1590 1.2431
2212.4000 15.1736 1.2302
2217.5000 15.1979 1.2346
2222.6000 15.2145 1.2335
2227.7000 15.2422 1.2401
2232.8000 15.2537 1.2240
2237.9000 15.2827 1.2485
2243.0000 15.2903 1.2421
2248.1000 15.2946 1.2268
2253.2000 15.3083 1.2322
2258.3000 15.3409 1.2521
2263.4000 15.3574 1.2429
2268.5000 15.3589 1.2269
2273.6000 15.3921 1.2592
2278.7000 15.4109 1.2650
2283.8000 15.4143 1.2528
2288.9000 15.4315 1.2513
2294.0000 15.4673 1.2669
2299.1000 15.4964 1.2756
2304.2000 15.5146 1.2673
2309.3000 15.5198 1.2438
2314.4000 15.5628 1.2618
2319.5000 15.5810 1.2276
2324.6000 15.6424 1.2667
2329.7000 15.6596 1.2486
2334.8000 15.6834 1.2378
2339.9000 15.7349 1.2619
2345.0000 15.7810 1.2803
2350.1000 15.8054 1.2728
2355.2000 15.8341 1.2651
2360.3000 15.8701 1.2739
2365.4000 15.9296 1.2952
2370.5000 15.9572 1.2779
2375.6000 15.9852 1.2575
2380.7000 16.0540 1.2882
2385.8000 16.0926 1.2742
2390.9000 16.1581 1.3048
2396.0000 16.2122 1.3018
2401.1000 16.2649 1.2958
2406.2000 16.3112 1.2871
2411.3000 16.3634 1.2871
2416.4000 16.4073 1.2676
2421.5000 16.4654 1.2798
2426.6000 16.5003 1.2768
2431.7000 16.5361 1.2491
2436.8000 16.5983 1.2610
2441.9000 16.6354 1.2442
2447.0000 16.7020 1.2648
2452.1000 16.7313 1.2450
2457.2000 16.7664 1.2345
2462.3000 16.8110 1.2327
2467.4000 16.8684 1.2489
2472.5000 16.9251 1.2364
2477.6000 16.9789 1.2381
2482.7000 17.0201 1.2360
2487.8000 17.0679 1.2458
2492.9000 17.0893 1.2391
2498.0000 17.1411 1.2631
2503.1000 17.1692 1.2522
2508.2000 17.1974 1.2482
2513.3000 17.2266 1.2447
2518.4000 17.2446 1.2247
2523.5000 17.2926 1.2443
2528.6000 17.3139 1.2247
2533.7000 17.3692 1.2367
2538.8000 17.4139 1.2246
2543.9000 17.4525 1.2090
2549.0000 17.5072 1.2271
2554.1000 17.5435 1.1948
2559.2000 17.6012 1.1919
2564.3000 17.6936 1.2236
2569.4000 17.7491 1.1998
2574.5000 17.8560 1.2476
2579.6000 17.9059 1.2207
2584.7000 17.9741 1.2230
2589.8000 18.0221 1.2013
2594.9000 18.0883 1.2001
2600.0000 18.1841 1.2380
2605.1000 18.2267 1.2358
2610.2000 18.2631 1.2086
2615.3000 18.3114 1.1936
2620.4000 18.3891 1.2015
2625.5000 18.4689 1.2079
2630.6000 18.5060 1.1869
2635.7000 18.5540 1.1865
2640.8000 18.6103 1.2041
2645.9000 18.6594 1.2073
2651.0000 18.6822 1.1928
2656.1000 18.7443 1.2247
2661.2000 18.7537 1.1871
2666.3000 18.8077 1.2141
2671.4000 18.8559 1.2471
2676.5000 18.8643 1.2184
2681.6000 18.9141 1.2251
2686.7000 18.9708 1.2198
2691.8000 19.0237 1.2168
2696.9000 19.0692 1.2095
2702.0000 19.1318 1.2314
2707.1000 19.1611 1.2015
2712.2000 19.1969 1.2095
2717.3000 19.2339 1.2211
2722.4000 19.2643 1.2177
2727.5000 19.3025 1.2299
2732.6000 19.3411 1.2419
2737.7000 19.3545 1.2318
2742.8000 19.3812 1.2393
2747.9000 19.3888 1.2226
2753.0000 19.4286 1.2447
2758.1000 19.4425 1.2236
2763.2000 19.4580 1.2209
2768.3000 19.4813 1.2235
2773.4000 19.4892 1.2095
2778.5000 19.5313 1.2425
2783.6000 19.5578 1.2429
2788.7000 19.5586 1.2246
2793.8000 19.5775 1.2261
2798.9000 19.5943 1.2329
2804.0000 19.5998 1.2218
2809.1000 19.6342 1.2434
2814.2000 19.6531 1.2404
2819.3000 19.6745 1.2469
2824.4000 19.6872 1.2376
2829.5000 19.7108 1.2553
2834.6000 19.7136 1.2484
2839.7000 19.7239 1.2474
2844.8000 19.7334 1.2494
2849.9000 19.7389 1.2473
2855.0000 19.7588 1.2620
2860.1000 19.7626 1.2480
2865.2000 19.7732 1.2476
2870.3000 19.7818 1.2456
2875.4000 19.8092 1.2719
2880.5000 19.8000 1.2457
2885.6000 19.8199 1.2599
2890.7000 19.8265 1.2497
2895.8000 19.8324 1.2447
2900.9000 19.8531 1.2562
2906.0000 19.8649 1.2556
2911.1000 19.8767 1.2480
2916.2000 19.8863 1.2376
2921.3000 19.9137 1.2418
2926.4000 19.9496 1.2427
2931.5000 20.0019 1.2594
2936.6000 20.0487 1.2637
2941.7000 20.1036 1.2733
2946.8000 20.1586 1.2510
2951.9000 20.2291 1.2624
2957.0000 20.2926 1.2681
2962.1000 20.3587 1.2682
2967.2000 20.4323 1.2735
2972.3000 20.4756 1.2536
2977.4000 20.5468 1.2549
2982.5000 20.6234 1.2652
2987.6000 20.6664 1.2400
2992.7000 20.7222 1.2458
2997.8000 20.7671 1.2301
3002.9000 20.8266 1.2370
3008.0000 20.8855 1.2367
3013.1000 20.9283 1.2406
3018.2000 20.9570 1.2173
3023.3000 21.0292 1.2490
3028.4000 21.0629 1.2476
3033.5000 21.0967 1.2451
3038.6000 21.1368 1.2562
3043.7000 21.1442 1.2222
3048.8000 21.1894 1.2364
3053.9000 21.2255 1.2339
3059.0000 21.2537 1.2275
3064.1000 21.2981 1.2469
3069.2000 21.3335 1.2442
3074.3000 21.3795 1.2618
3079.4000 21.3872 1.2357
3084.5000 21.4124 1.2295
3089.6000 21.4389 1.2263
3094.7000 21.4798 1.2502
3099.8000 21.5060 1.2532
3104.9000 21.5074 1.2303
3110.0000 21.5334 1.2250
3115.1000 21.5680 1.2272
3120.2000 21.6138 1.2422
3125.3000 21.6692 1.2647
3130.4000 21.7312 1.3039
3135.5000 21.7949 1.3569
3140.6000 21.8181 1.3519
3145.7000 21.8410 1.3521
3150.8000 21.8649 1.3531
3155.9000 21.8816 1.3521
3161.0000 21.8990 1.3492
3166.1000 21.9361 1.3649
3171.2000 21.9360 1.3467
3176.3000 21.9630 1.3566
3181.4000 21.9744 1.3475
3186.5000 22.0118 1.3681
3191.6000 22.0454 1.3694
3196.7000 22.0981 1.3851
3201.8000 22.1312 1.3664
3206.9000 22.1851 1.3746
3212.0000 22.2347 1.3758
3217.1000 22.2803 1.3706
3222.2000 22.3307 1.3725
3227.3000 22.3647 1.3616
3232.4000 22.4177 1.3792
3237.5000 22.4570 1.3761
3242.6000 22.4849 1.3615
3247.7000 22.5331 1.3764
3252.8000 22.5661 1.3770
3257.9000 22.6029 1.3886
3263.0000 22.6295 1.3975
3268.1000 22.6473 1.3863
3273.2000 22.6680 1.3907
3278.3000 22.6908 1.3963
3283.4000 22.7012 1.3873
3288.5000 22.7193 1.3896
3293.6000 22.7290 1.3783
3298.7000 22.7502 1.3835
3303.8000 22.7662 1.3805
3308.9000 22.7799 1.3778
3314.0000 22.7861 1.3606
3319.1000 22.8233 1.3849
3324.2000 22.8179 1.3481
3329.3000 22.8596 1.3749
3334.4000 22.8875 1.3637
3339.5000 22.9310 1.3709
3344.6000 22.9513 1.3319
3349.7000 23.0118 1.3403
3354.8000 23.0527 1.3373
3359.9000 23.0822 1.3246
3365.0000 23.1269 1.3423
3370.1000 23.1540 1.3359
3375.2000 23.1896 1.3451
3380.3000 23.2324 1.3467
3385.4000 23.2551 1.3300
3390.5000 23.2695 1.3162
3395.6000 23.3144 1.3295
3400.7000 23.3420 1.3226
3405.8000 23.3763 1.3260
3410.9000 23.4229 1.3285
3416.0000 23.4592 1.3404
3421.1000 23.4821 1.3304
3426.2000 23.5457 1.3572
3431.3000 23.5765 1.3458
3436.4000 23.6153 1.3570
3441.5000 23.6473 1.3521
3446.6000 23.6825 1.3577
3451.7000 23.7303 1.3848
3456.8000 23.7538 1.3856
3461.9000 23.7852 1.3962
3467.0000 23.8145 1.4070
3472.1000 23.8437 1.4217
3477.2000 23.8469 1.4062
3482.3000 23.8794 1.4231
3487.4000 23.9002 1.4298
3492.5000 23.9107 1.4289
3497.6000 23.9325 1.4439
3502.7000 23.9354 1.4342
3507.8000 23.9564 1.4532
3512.9000 23.9674 1.4546
3518.0000 23.9793 1.4572
3523.1000 23.9970 1.4592
3528.2000 24.0101 1.4561
3533.3000 24.0333 1.4702
3538.4000 24.0491 1.4753
3543.5000 24.0758 1.4844
3548.6000 24.0895 1.4774
3553.7000 24.1070 1.4765
3558.8000 24.1346 1.4886
3563.9000 24.1833 1.5200
3569.0000 24.2176 1.5254
3574.1000 24.2511 1.5290
3579.2000 24.2991 1.5332
3584.3000 24.3457 1.5330
3589.4000 24.4008 1.5379
3594.5000 24.4514 1.5418
3599.6000 24.4823 1.5143
