5.1000 0.0000 0.0000
10.2000 0.0000 0.0000
15.3000 0.0000 0.0000
20.3000 0.0000 0.0000
25.3000 0.0000 0.0000
30.3000 0.0000 0.0000
35.3000 0.0014 0.0000
40.3000 0.0017 0.0000
45.3000 0.0021 0.0000
50.3000 0.0021 0.0000
55.3000 0.0021 0.0000
60.3000 0.0029 0.0000
65.4000 0.0029 0.0000
70.5000 0.0029 0.0000
75.6000 0.0029 0.0000
80.7000 0.0029 0.0000
85.8000 0.0041 0.0000
90.9000 0.0049 0.0000
96.0000 0.0049 0.0000
101.1000 0.0053 0.0000
106.2000 0.0053 0.0000
111.3000 0.0053 0.0000
116.4000 0.0071 0.0000
121.5000 0.0075 0.0000
126.6000 0.0084 0.0000
131.7000 0.0089 0.0000
136.8000 0.0094 0.0000
141.9000 0.0094 0.0000
147.0000 0.0114 0.0000
152.1000 0.0127 0.0000
157.2000 0.0127 0.0000
162.3000 0.0127 0.0000
167.4000 0.0127 0.0000
172.5000 0.0136 0.0000
177.6000 0.0149 0.0000
182.7000 0.0154 0.0000
187.8000 0.0154 0.0000
192.9000 0.0154 0.0000
198.0000 0.0154 0.0000
203.1000 0.0157 0.0000
208.2000 0.0157 0.0000
213.3000 0.0157 0.0000
218.4000 0.0168 0.0000
223.5000 0.0171 0.0000
228.6000 0.0174 0.0001
233.7000 0.0181 0.0001
238.8000 0.0200 0.0001
243.9000 0.0213 0.0001
249.0000 0.0213 0.0001
254.1000 0.0213 0.0001
259.1000 0.0213 0.0001
264.1000 0.0213 0.0001
269.1000 0.0230 0.0001
274.1000 0.0230 0.0001
279.1000 0.0233 0.0001
284.1000 0.0233 0.0001
289.1000 0.0233 0.0001
294.1000 0.0249 0.0001
299.1000 0.0257 0.0001
304.1000 0.0257 0.0001
309.1000 0.0257 0.0001
314.1000 0.0257 0.0001
319.1000 0.0257 0.0001
324.1000 0.0263 0.0001
329.1000 0.0263 0.0001
334.1000 0.0263 0.0001
339.1000 0.0263 0.0001
344.1000 0.0263 0.0001
349.1000 0.0269 0.0001
354.1000 0.0269 0.0001
359.1000 0.0269 0.0001
364.1000 0.0269 0.0001
369.1000 0.0273 0.0001
374.1000 0.0276 0.0001
379.1000 0.0284 0.0001
384.1000 0.0306 0.0001
389.1000 0.0306 0.0001
394.1000 0.0315 0.0001
399.1000 0.0321 0.0001
404.1000 0.0327 0.0001
409.1000 0.0354 0.0001
414.1000 0.0359 0.0001
419.1000 0.0364 0.0001
424.1000 0.0364 0.0001
429.1000 0.0364 0.0001
434.1000 0.0369 0.0001
439.1000 0.0369 0.0001
444.1000 0.0380 0.0001
449.1000 0.0380 0.0001
454.1000 0.0380 0.0001
459.1000 0.0385 0.0001
464.1000 0.0389 0.0001
469.1000 0.0413 0.0002
474.1000 0.0413 0.0002
479.1000 0.0413 0.0002
484.1000 0.0418 0.0002
489.1000 0.0418 0.0002
494.1000 0.0418 0.0002
499.1000 0.0422 0.0002
504.1000 0.0438 0.0002
509.1000 0.0443 0.0002
514.1000 0.0443 0.0002
519.1000 0.0447 0.0002
524.1000 0.0452 0.0002
529.1000 0.0462 0.0002
534.1000 0.0466 0.0002
539.1000 0.0466 0.0002
544.1000 0.0471 0.0002
549.1000 0.0481 0.0002
554.1000 0.0481 0.0002
559.1000 0.0490 0.0002
564.1000 0.0507 0.0002
569.1000 0.0507 0.0002
574.1000 0.0507 0.0002
579.1000 0.0507 0.0002
584.1000 0.0511 0.0002
589.1000 0.0529 0.0002
594.1000 0.0534 0.0002
599.1000 0.0534 0.0002
604.1000 0.0534 0.0002
609.1000 0.0540 0.0002
614.1000 0.0551 0.0002
619.1000 0.0557 0.0002
624.1000 0.0672 0.0010
629.1000 0.0678 0.0010
634.1000 0.0678 0.0010
639.1000 0.0678 0.0010
644.1000 0.0692 0.0010
649.1000 0.0697 0.0010
654.1000 0.0697 0.0010
659.1000 0.0697 0.0010
664.1000 0.0706 0.0010
669.1000 0.0710 0.0010
674.1000 0.0726 0.0010
679.1000 0.0726 0.0010
684.1000 0.0726 0.0010
689.1000 0.0726 0.0010
694.1000 0.0726 0.0010
699.1000 0.0731 0.0011
704.1000 0.0739 0.0011
709.1000 0.0747 0.0011
714.1000 0.0747 0.0011
719.1000 0.0752 0.0011
724.1000 0.0752 0.0011
729.1000 0.0752 0.0011
734.1000 0.0778 0.0011
739.1000 0.0784 0.0011
744.1000 0.0791 0.0011
749.1000 0.0791 0.0011
754.1000 0.0791 0.0011
759.1000 0.0802 0.0011
764.1000 0.0814 0.0011
769.1000 0.0814 0.0011
774.1000 0.0820 0.0011
779.1000 0.0826 0.0011
784.1000 0.0826 0.0011
789.1000 0.0839 0.0011
794.1000 0.0848 0.0011
799.1000 0.0848 0.0011
804.1000 0.0848 0.0011
809.1000 0.0848 0.0011
814.1000 0.0848 0.0011
819.1000 0.0853 0.0011
824.1000 0.0857 0.0011
829.1000 0.0857 0.0011
834.1000 0.0857 0.0011
839.1000 0.0857 0.0011
844.1000 0.0857 0.0011
849.1000 0.0857 0.0011
854.1000 0.0872 0.0011
859.1000 0.0890 0.0012
864.1000 0.0894 0.0012
869.1000 0.0899 0.0012
874.1000 0.0909 0.0012
879.1000 0.0909 0.0012
884.1000 0.0918 0.0012
889.1000 0.0927 0.0012
894.1000 0.0931 0.0012
899.1000 0.0931 0.0012
904.1000 0.0935 0.0012
909.1000 0.0935 0.0012
914.1000 0.0939 0.0012
919.1000 0.0955 0.0012
924.1000 0.0959 0.0012
929.1000 0.0959 0.0012
934.1000 0.0959 0.0012
939.1000 0.0959 0.0012
944.1000 0.0959 0.0012
949.1000 0.0979 0.0012
954.1000 0.1084 0.0018
959.1000 0.1084 0.0018
964.1000 0.1084 0.0018
969.1000 0.1084 0.0018
974.1000 0.1084 0.0018
979.1000 0.1102 0.0018
984.1000 0.1110 0.0018
989.1000 0.1110 0.0018
994.1000 0.1110 0.0018
999.1000 0.1110 0.0018
1004.1000 0.1110 0.0018
1009.1000 0.1115 0.0019
1014.1000 0.1124 0.0019
1019.1000 0.1124 0.0019
1024.1000 0.1124 0.0019
1029.2000 0.1124 0.0019
1034.3000 0.1124 0.0019
1039.4000 0.1144 0.0019
1044.5000 0.1151 0.0019
1049.6000 0.1151 0.0019
1054.7000 0.1157 0.0019
1059.8000 0.1157 0.0019
1064.9000 0.1173 0.0019
1070.0000 0.1183 0.0019
1075.1000 0.1188 0.0019
1080.2000 0.1188 0.0019
1085.3000 0.1194 0.0019
1090.4000 0.1194 0.0019
1095.5000 0.1207 0.0019
1100.6000 0.1231 0.0019
1105.7000 0.1231 0.0019
1110.8000 0.1231 0.0019
1115.9000 0.1231 0.0019
1121.0000 0.1237 0.0019
1126.1000 0.1249 0.0019
1131.2000 0.1261 0.0019
1136.3000 0.1268 0.0019
1141.4000 0.1268 0.0019
1146.5000 0.1268 0.0019
1151.6000 0.1268 0.0019
1156.7000 0.1279 0.0019
1161.8000 0.1302 0.0020
1166.9000 0.1302 0.0020
1172.0000 0.1302 0.0020
1177.1000 0.1302 0.0020
1182.2000 0.1302 0.0020
1187.3000 0.1307 0.0020
1192.4000 0.1307 0.0020
1197.5000 0.1307 0.0020
1202.6000 0.1307 0.0020
1207.7000 0.1307 0.0020
1212.8000 0.1307 0.0020
1217.9000 0.1316 0.0020
1223.0000 0.1330 0.0020
1228.1000 0.1345 0.0020
1233.2000 0.1345 0.0020
1238.3000 0.1350 0.0020
1243.4000 0.1360 0.0020
1248.5000 0.1360 0.0020
1253.6000 0.1371 0.0020
1258.7000 0.1393 0.0020
1263.8000 0.1393 0.0020
1268.9000 0.1393 0.0020
1274.0000 0.1393 0.0020
1279.1000 0.1393 0.0020
1284.2000 0.1405 0.0020
1289.3000 0.1417 0.0020
1294.4000 0.1423 0.0020
1299.5000 0.1423 0.0020
1304.6000 0.1423 0.0020
1309.7000 0.1423 0.0020
1314.8000 0.1431 0.0020
1319.9000 0.1448 0.0021
1325.0000 0.1448 0.0021
1330.1000 0.1448 0.0021
1335.2000 0.1454 0.0021
1340.3000 0.1454 0.0021
1345.4000 0.1457 0.0021
1350.5000 0.1467 0.0021
1355.6000 0.1467 0.0021
1360.7000 0.1467 0.0021
1365.8000 0.1467 0.0021
1370.9000 0.1467 0.0021
1376.0000 0.1470 0.0021
1381.1000 0.1488 0.0021
1386.2000 0.1496 0.0021
1391.3000 0.1496 0.0021
1396.4000 0.1496 0.0021
1401.5000 0.1496 0.0021
1406.6000 0.1496 0.0021
1411.7000 0.1502 0.0021
1416.8000 0.1528 0.0021
1421.9000 0.1528 0.0021
1427.0000 0.1528 0.0021
1432.1000 0.1528 0.0021
1437.2000 0.1532 0.0021
1442.3000 0.1548 0.0021
1447.4000 0.1548 0.0021
1452.5000 0.1552 0.0021
1457.6000 0.1552 0.0021
1462.7000 0.1552 0.0021
1467.8000 0.1556 0.0021
1472.9000 0.1556 0.0021
1478.0000 0.1556 0.0021
1483.1000 0.1556 0.0021
1488.2000 0.1556 0.0021
1493.3000 0.1556 0.0021
1498.4000 0.1560 0.0021
1503.5000 0.1568 0.0021
1508.6000 0.1568 0.0021
1513.7000 0.1568 0.0021
1518.8000 0.1576 0.0021
1523.9000 0.1576 0.0021
1529.0000 0.1580 0.0021
1534.1000 0.1607 0.0022
1539.2000 0.1607 0.0022
1544.3000 0.1607 0.0022
1549.4000 0.1607 0.0022
1554.5000 0.1607 0.0022
1559.6000 0.1611 0.0022
1564.7000 0.1638 0.0022
1569.8000 0.1638 0.0022
1574.9000 0.1638 0.0022
1580.0000 0.1638 0.0022
1585.1000 0.1638 0.0022
1590.2000 0.1664 0.0022
1595.3000 0.1670 0.0022
1600.4000 0.1676 0.0022
1605.5000 0.1676 0.0022
1610.6000 0.1676 0.0022
1615.7000 0.1676 0.0022
1620.8000 0.1699 0.0023
1625.9000 0.1705 0.0023
1631.0000 0.1705 0.0023
1636.1000 0.1718 0.0023
1641.2000 0.1718 0.0023
1646.3000 0.1729 0.0023
1651.4000 0.1746 0.0023
1656.5000 0.1757 0.0023
1661.6000 0.1757 0.0023
1666.7000 0.1757 0.0023
1671.8000 0.1757 0.0023
1676.9000 0.1757 0.0023
1682.0000 0.1779 0.0023
1687.1000 0.1779 0.0023
1692.2000 0.1784 0.0023
1697.3000 0.1789 0.0023
1702.4000 0.1789 0.0023
1707.5000 0.1795 0.0023
1712.6000 0.1807 0.0023
1717.7000 0.1813 0.0023
1722.8000 0.1813 0.0023
1727.9000 0.1813 0.0023
1733.0000 0.1825 0.0024
1738.1000 0.1825 0.0024
1743.2000 0.1847 0.0024
1748.3000 0.1858 0.0024
1753.4000 0.1858 0.0024
1758.5000 0.1858 0.0024
1763.6000 0.1858 0.0024
1768.7000 0.1858 0.0024
1773.8000 0.1881 0.0024
1778.9000 0.1893 0.0025
1784.0000 0.1893 0.0025
1789.1000 0.1893 0.0025
1794.2000 0.1893 0.0025
1799.3000 0.1893 0.0025
1804.4000 0.1902 0.0025
1809.5000 0.1917 0.0025
1814.6000 0.1917 0.0025
1819.7000 0.1922 0.0025
1824.8000 0.1922 0.0025
1829.9000 0.1935 0.0025
1835.0000 0.1954 0.0025
1840.1000 0.1954 0.0025
1845.2000 0.1954 0.0025
1850.3000 0.1960 0.0025
1855.4000 0.1970 0.0025
1860.5000 0.1975 0.0026
1865.6000 0.1980 0.0026
1870.7000 0.1985 0.0026
1875.8000 0.1985 0.0026
1880.9000 0.1989 0.0026
1886.0000 0.1994 0.0026
1891.1000 0.2002 0.0026
1896.2000 0.2006 0.0026
1901.3000 0.2010 0.0026
1906.4000 0.2015 0.0026
1911.5000 0.2027 0.0026
1916.6000 0.2027 0.0026
1921.7000 0.2027 0.0026
1926.8000 0.2027 0.0026
1931.9000 0.2107 0.0039
1937.0000 0.2107 0.0039
1942.1000 0.2128 0.0040
1947.2000 0.2136 0.0040
1952.3000 0.2136 0.0040
1957.4000 0.2136 0.0040
1962.5000 0.2136 0.0040
1967.6000 0.2136 0.0040
1972.7000 0.2140 0.0040
1977.8000 0.2145 0.0040
1982.9000 0.2149 0.0040
1988.0000 0.2149 0.0040
1993.1000 0.2154 0.0040
1998.2000 0.2159 0.0040
2003.3000 0.2173 0.0040
2008.4000 0.2178 0.0040
2013.5000 0.2183 0.0040
2018.6000 0.2188 0.0040
2023.7000 0.2192 0.0040
2028.8000 0.2197 0.0040
2033.9000 0.2197 0.0040
2039.0000 0.2211 0.0040
2044.1000 0.2216 0.0040
2049.2000 0.2220 0.0040
2054.3000 0.2225 0.0041
2059.4000 0.2240 0.0041
2064.5000 0.2240 0.0041
2069.6000 0.2250 0.0041
2074.7000 0.2250 0.0041
2079.8000 0.2250 0.0041
2084.9000 0.2250 0.0041
2090.0000 0.2255 0.0041
2095.1000 0.2255 0.0041
2100.2000 0.2260 0.0041
2105.3000 0.2260 0.0041
2110.4000 0.2265 0.0041
2115.5000 0.2270 0.0041
2120.6000 0.2289 0.0041
2125.7000 0.2294 0.0041
2130.8000 0.2299 0.0041
2135.9000 0.2299 0.0041
2141.0000 0.2299 0.0041
2146.1000 0.2410 0.0047
2151.2000 0.2410 0.0047
2156.3000 0.2415 0.0047
2161.4000 0.2415 0.0047
2166.5000 0.2420 0.0047
2171.6000 0.2420 0.0047
2176.7000 0.2437 0.0047
2181.8000 0.2442 0.0047
2186.9000 0.2445 0.0047
2192.0000 0.2445 0.0047
2197.1000 0.2445 0.0047
2202.2000 0.2456 0.0047
2207.3000 0.2479 0.0048
2212.4000 0.2479 0.0048
2217.5000 0.2479 0.0048
2222.6000 0.2479 0.0048
2227.7000 0.2479 0.0048
2232.8000 0.2494 0.0048
2237.9000 0.2498 0.0048
2243.0000 0.2498 0.0048
2248.1000 0.2498 0.0048
2253.2000 0.2498 0.0048
2258.3000 0.2498 0.0048
2263.4000 0.2511 0.0048
2268.5000 0.2517 0.0048
2273.6000 0.2517 0.0048
2278.7000 0.2523 0.0048
2283.8000 0.2534 0.0048
2288.9000 0.2539 0.0048
2294.0000 0.2564 0.0048
2299.1000 0.2564 0.0048
2304.2000 0.2564 0.0048
2309.3000 0.2564 0.0048
2314.4000 0.2564 0.0048
2319.5000 0.2570 0.0048
2324.6000 0.2578 0.0049
2329.7000 0.2590 0.0049
2334.8000 0.2594 0.0049
2339.9000 0.2594 0.0049
2345.0000 0.2594 0.0049
2350.1000 0.2594 0.0049
2355.2000 0.2608 0.0049
2360.3000 0.2608 0.0049
2365.4000 0.2608 0.0049
2370.5000 0.2617 0.0049
2375.6000 0.2622 0.0049
2380.7000 0.2639 0.0049
2385.8000 0.2639 0.0049
2390.9000 0.2648 0.0049
2396.0000 0.2648 0.0049
2401.1000 0.2648 0.0049
2406.2000 0.2648 0.0049
2411.3000 0.2653 0.0049
2416.4000 0.2653 0.0049
2421.5000 0.2653 0.0049
2426.6000 0.2668 0.0049
2431.7000 0.2679 0.0049
2436.8000 0.2679 0.0049
2441.9000 0.2687 0.0049
2447.0000 0.2696 0.0049
2452.1000 0.2700 0.0050
2457.2000 0.2705 0.0050
2462.3000 0.2713 0.0050
2467.4000 0.2718 0.0050
2472.5000 0.2735 0.0050
2477.6000 0.2735 0.0050
2482.7000 0.2739 0.0050
2487.8000 0.2739 0.0050
2492.9000 0.2745 0.0050
2498.0000 0.2764 0.0050
2503.1000 0.2770 0.0050
2508.2000 0.2776 0.0050
2513.3000 0.2776 0.0050
2518.4000 0.2776 0.0050
2523.5000 0.2782 0.0050
2528.6000 0.2782 0.0050
2533.7000 0.2782 0.0050
2538.8000 0.2782 0.0050
2543.9000 0.2792 0.0050
2549.0000 0.2792 0.0050
2554.1000 0.2792 0.0050
2559.2000 0.2810 0.0051
2564.3000 0.2819 0.0051
2569.4000 0.2819 0.0051
2574.5000 0.2819 0.0051
2579.6000 0.2819 0.0051
2584.7000 0.2828 0.0051
2589.8000 0.2843 0.0051
2594.9000 0.2848 0.0051
2600.0000 0.2848 0.0051
2605.1000 0.2854 0.0051
2610.2000 0.2859 0.0051
2615.3000 0.2859 0.0051
2620.4000 0.2876 0.0051
2625.5000 0.2880 0.0051
2630.6000 0.2880 0.0051
2635.7000 0.2880 0.0051
2640.8000 0.2885 0.0052
2645.9000 0.2885 0.0052
2651.0000 0.2889 0.0052
2656.1000 0.2899 0.0052
2661.2000 0.2899 0.0052
2666.3000 0.2899 0.0052
2671.4000 0.2899 0.0052
2676.5000 0.2899 0.0052
2681.6000 0.2905 0.0052
2686.7000 0.2923 0.0052
2691.8000 0.2923 0.0052
2696.9000 0.2929 0.0052
2702.0000 0.2939 0.0052
2707.1000 0.2939 0.0052
2712.2000 0.2942 0.0052
2717.3000 0.2961 0.0052
2722.4000 0.2961 0.0052
2727.5000 0.2966 0.0052
2732.6000 0.2966 0.0052
2737.7000 0.2966 0.0052
2742.8000 0.2966 0.0052
2747.9000 0.2973 0.0052
2753.0000 0.2990 0.0053
2758.1000 0.2993 0.0053
2763.2000 0.2993 0.0053
2768.3000 0.2993 0.0053
2773.4000 0.2993 0.0053
2778.5000 0.2993 0.0053
2783.6000 0.3009 0.0053
2788.7000 0.3014 0.0053
2793.8000 0.3115 0.0059
2798.9000 0.3120 0.0059
2804.0000 0.3120 0.0059
2809.1000 0.3120 0.0059
2814.2000 0.3138 0.0059
2819.3000 0.3144 0.0059
2824.4000 0.3144 0.0059
2829.5000 0.3150 0.0059
2834.6000 0.3156 0.0059
2839.7000 0.3156 0.0059
2844.8000 0.3164 0.0059
2849.9000 0.3164 0.0059
2855.0000 0.3169 0.0059
2860.1000 0.3173 0.0059
2865.2000 0.3173 0.0059
2870.3000 0.3181 0.0059
2875.4000 0.3187 0.0059
2880.5000 0.3187 0.0059
2885.6000 0.3187 0.0059
2890.7000 0.3187 0.0059
2895.8000 0.3187 0.0059
2900.9000 0.3191 0.0060
2906.0000 0.3191 0.0060
2911.1000 0.3191 0.0060
2916.2000 0.3191 0.0060
2921.3000 0.3202 0.0060
2926.4000 0.3207 0.0060
2931.5000 0.3216 0.0060
2936.6000 0.3235 0.0060
2941.7000 0.3254 0.0060
2946.8000 0.3254 0.0060
2951.9000 0.3254 0.0060
2957.0000 0.3266 0.0060
2962.1000 0.3271 0.0060
2967.2000 0.3271 0.0060
2972.3000 0.3275 0.0060
2977.4000 0.3275 0.0060
2982.5000 0.3288 0.0061
2987.6000 0.3295 0.0061
2992.7000 0.3299 0.0061
2997.8000 0.3305 0.0061
3002.9000 0.3325 0.0061
3008.0000 0.3325 0.0061
3013.1000 0.3343 0.0062
3018.2000 0.3349 0.0062
3023.3000 0.3354 0.0062
3028.4000 0.3354 0.0062
3033.5000 0.3360 0.0062
3038.6000 0.3360 0.0062
3043.7000 0.3370 0.0062
3048.8000 0.3381 0.0062
3053.9000 0.3392 0.0062
3059.0000 0.3398 0.0062
3064.1000 0.3398 0.0062
3069.2000 0.3404 0.0063
3074.3000 0.3414 0.0063
3079.4000 0.3414 0.0063
3084.5000 0.3420 0.0063
3089.6000 0.3420 0.0063
3094.7000 0.3425 0.0063
3099.8000 0.3532 0.0068
3104.9000 0.3536 0.0068
3110.0000 0.3653 0.0096
3115.1000 0.3657 0.0096
3120.2000 0.3657 0.0096
3125.3000 0.3657 0.0096
3130.4000 0.3663 0.0096
3135.5000 0.3679 0.0097
3140.6000 0.3689 0.0097
3145.7000 0.3689 0.0097
3150.8000 0.3689 0.0097
3155.9000 0.3693 0.0097
3161.0000 0.3693 0.0097
3166.1000 0.3693 0.0097
3171.2000 0.3693 0.0097
3176.3000 0.3693 0.0097
3181.4000 0.3693 0.0097
3186.5000 0.3693 0.0097
3191.6000 0.3712 0.0097
3196.7000 0.3728 0.0097
3201.8000 0.3732 0.0097
3206.9000 0.3732 0.0097
3212.0000 0.3736 0.0097
3217.1000 0.3736 0.0097
3222.2000 0.3756 0.0098
3227.3000 0.3766 0.0098
3232.4000 0.3766 0.0098
3237.5000 0.3766 0.0098
3242.6000 0.3766 0.0098
3247.7000 0.3766 0.0098
3252.8000 0.3772 0.0098
3257.9000 0.3798 0.0098
3263.0000 0.3804 0.0098
3268.1000 0.3804 0.0098
3273.2000 0.3804 0.0098
3278.3000 0.3809 0.0099
3283.4000 0.3809 0.0099
3288.5000 0.3813 0.0099
3293.6000 0.3832 0.0099
3298.7000 0.3832 0.0099
3303.8000 0.3832 0.0099
3308.9000 0.3832 0.0099
3314.0000 0.3853 0.0099
3319.1000 0.3858 0.0099
3324.2000 0.3858 0.0099
3329.3000 0.3858 0.0099
3334.4000 0.3858 0.0099
3339.5000 0.3858 0.0099
3344.6000 0.3864 0.0099
3349.7000 0.4090 0.0113
3354.8000 0.4090 0.0113
3359.9000 0.4095 0.0113
3365.0000 0.4095 0.0113
3370.1000 0.4100 0.0113
3375.2000 0.4126 0.0113
3380.3000 0.4126 0.0113
3385.4000 0.4126 0.0113
3390.5000 0.4126 0.0113
3395.6000 0.4126 0.0113
3400.7000 0.4134 0.0114
3405.8000 0.4138 0.0114
3410.9000 0.4141 0.0114
3416.0000 0.4141 0.0114
3421.1000 0.4141 0.0114
3426.2000 0.4150 0.0114
3431.3000 0.4172 0.0114
3436.4000 0.4172 0.0114
3441.5000 0.4176 0.0114
3446.6000 0.4176 0.0114
3451.7000 0.4176 0.0114
3456.8000 0.4183 0.0114
3461.9000 0.4196 0.0114
3467.0000 0.4209 0.0115
3472.1000 0.4209 0.0115
3477.2000 0.4209 0.0115
3482.3000 0.4215 0.0115
3487.4000 0.4225 0.0115
3492.5000 0.4229 0.0115
3497.6000 0.4229 0.0115
3502.7000 0.4232 0.0115
3507.8000 0.4232 0.0115
3512.9000 0.4232 0.0115
3518.0000 0.4248 0.0115
3523.1000 0.4267 0.0116
3528.2000 0.4273 0.0116
3533.3000 0.4273 0.0116
3538.4000 0.4273 0.0116
3543.5000 0.4273 0.0116
3548.6000 0.4286 0.0116
3553.7000 0.4290 0.0116
3558.8000 0.4295 0.0116
3563.9000 0.4299 0.0116
3569.0000 0.4299 0.0116
3574.1000 0.4299 0.0116
3579.2000 0.4307 0.0116
3584.3000 0.4318 0.0117
3589.4000 0.4322 0.0117
3594.5000 0.4322 0.0117
3599.6000 0.4322 0.0117
