5.1000 0.0000 0.0000
10.2000 0.0000 0.0000
15.3000 0.0000 0.0000
20.3000 0.0000 0.0000
25.3000 0.0000 0.0000
30.3000 0.0000 0.0000
35.3000 0.0009 0.0000
40.3000 0.0009 0.0000
45.3000 0.0035 0.0000
50.3000 0.0043 0.0000
55.3000 0.0043 0.0000
60.3000 0.0063 0.0000
65.4000 0.0094 0.0000
70.5000 0.0094 0.0000
75.6000 0.0094 0.0000
80.7000 0.0094 0.0000
85.8000 0.0133 0.0000
90.9000 0.0163 0.0000
96.0000 0.0163 0.0000
101.1000 0.0173 0.0001
106.2000 0.0173 0.0001
111.3000 0.0173 0.0001
116.4000 0.0187 0.0001
121.5000 0.0187 0.0001
126.6000 0.0187 0.0001
131.7000 0.0187 0.0001
136.8000 0.0187 0.0001
141.9000 0.0187 0.0001
147.0000 0.0207 0.0001
152.1000 0.0260 0.0001
157.2000 0.0298 0.0001
162.3000 0.0317 0.0001
167.4000 0.0317 0.0001
172.5000 0.0546 0.0012
177.6000 0.0546 0.0012
182.7000 0.0546 0.0012
187.8000 0.0578 0.0012
192.9000 0.0589 0.0012
198.0000 0.0589 0.0012
203.1000 0.0598 0.0013
208.2000 0.0606 0.0013
213.3000 0.0623 0.0013
218.4000 0.0623 0.0013
223.5000 0.0623 0.0013
228.6000 0.0632 0.0013
233.7000 0.0657 0.0013
238.8000 0.0657 0.0013
243.9000 0.0657 0.0013
249.0000 0.0673 0.0013
254.1000 0.0705 0.0013
259.1000 0.0705 0.0013
264.1000 0.0721 0.0013
269.1000 0.0738 0.0013
274.1000 0.0755 0.0013
279.1000 0.0763 0.0013
284.1000 0.0763 0.0013
289.1000 0.0763 0.0013
294.1000 0.0808 0.0013
299.1000 0.0817 0.0013
304.1000 0.0836 0.0013
309.1000 0.0836 0.0013
314.1000 0.0846 0.0013
319.1000 0.0846 0.0013
324.1000 0.0860 0.0013
329.1000 0.0860 0.0013
334.1000 0.0860 0.0013
339.1000 0.0860 0.0013
344.1000 0.0875 0.0013
349.1000 0.0906 0.0014
354.1000 0.0906 0.0014
359.1000 0.1211 0.0034
364.1000 0.1226 0.0034
369.1000 0.1226 0.0034
374.1000 0.1226 0.0034
379.1000 0.1237 0.0034
384.1000 0.1270 0.0034
389.1000 0.1278 0.0034
394.1000 0.1278 0.0034
399.1000 0.1278 0.0034
404.1000 0.1286 0.0034
409.1000 0.1326 0.0034
414.1000 0.1326 0.0034
419.1000 0.1363 0.0034
424.1000 0.1363 0.0034
429.1000 0.1363 0.0034
434.1000 0.1388 0.0034
439.1000 0.1388 0.0034
444.1000 0.1388 0.0034
449.1000 0.1420 0.0034
454.1000 0.1420 0.0034
459.1000 0.1420 0.0034
464.1000 0.1432 0.0034
469.1000 0.1480 0.0034
474.1000 0.1480 0.0034
479.1000 0.1500 0.0034
484.1000 0.1500 0.0034
489.1000 0.1500 0.0034
494.1000 0.1511 0.0034
499.1000 0.1521 0.0034
504.1000 0.1552 0.0034
509.1000 0.1561 0.0034
514.1000 0.1573 0.0034
519.1000 0.1573 0.0034
524.1000 0.1586 0.0034
529.1000 0.1611 0.0035
534.1000 0.1611 0.0035
539.1000 0.1611 0.0035
544.1000 0.1611 0.0035
549.1000 0.1621 0.0035
554.1000 0.1621 0.0035
559.1000 0.1663 0.0035
564.1000 0.1674 0.0035
569.1000 0.1674 0.0035
574.1000 0.1687 0.0035
579.1000 0.1697 0.0035
584.1000 0.1708 0.0035
589.1000 0.1776 0.0035
594.1000 0.1776 0.0035
599.1000 0.1776 0.0035
604.1000 0.1776 0.0035
609.1000 0.1791 0.0035
614.1000 0.1834 0.0035
619.1000 0.1848 0.0035
624.1000 0.1848 0.0035
629.1000 0.1848 0.0035
634.1000 0.1862 0.0035
639.1000 0.1862 0.0035
644.1000 0.1909 0.0035
649.1000 0.1921 0.0035
654.1000 0.1921 0.0035
659.1000 0.1921 0.0035
664.1000 0.1921 0.0035
669.1000 0.1929 0.0035
674.1000 0.1929 0.0035
679.1000 0.1929 0.0035
684.1000 0.1952 0.0035
689.1000 0.1952 0.0035
694.1000 0.1963 0.0035
699.1000 0.1974 0.0035
704.1000 0.1995 0.0035
709.1000 0.1995 0.0035
714.1000 0.1995 0.0035
719.1000 0.1995 0.0035
724.1000 0.1995 0.0035
729.1000 0.2011 0.0035
734.1000 0.2044 0.0035
739.1000 0.2044 0.0035
744.1000 0.2060 0.0035
749.1000 0.2060 0.0035
754.1000 0.2069 0.0035
759.1000 0.2106 0.0035
764.1000 0.2106 0.0035
769.1000 0.2116 0.0036
774.1000 0.2116 0.0036
779.1000 0.2116 0.0036
784.1000 0.2131 0.0036
789.1000 0.2142 0.0036
794.1000 0.2158 0.0036
799.1000 0.2158 0.0036
804.1000 0.2158 0.0036
809.1000 0.2158 0.0036
814.1000 0.2167 0.0036
819.1000 0.2194 0.0036
824.1000 0.2252 0.0036
829.1000 0.2276 0.0036
834.1000 0.2290 0.0036
839.1000 0.2290 0.0036
844.1000 0.2312 0.0036
849.1000 0.2326 0.0036
854.1000 0.2371 0.0037
859.1000 0.2371 0.0037
864.1000 0.2395 0.0037
869.1000 0.2395 0.0037
874.1000 0.2406 0.0037
879.1000 0.2406 0.0037
884.1000 0.2417 0.0037
889.1000 0.2417 0.0037
894.1000 0.2439 0.0037
899.1000 0.2472 0.0037
904.1000 0.2472 0.0037
909.1000 0.2482 0.0037
914.1000 0.2492 0.0037
919.1000 0.2492 0.0037
924.1000 0.2503 0.0037
929.1000 0.2503 0.0037
934.1000 0.2523 0.0037
939.1000 0.2523 0.0037
944.1000 0.2523 0.0037
949.1000 0.2536 0.0037
954.1000 0.2536 0.0037
959.1000 0.2536 0.0037
964.1000 0.2536 0.0037
969.1000 0.2536 0.0037
974.1000 0.2536 0.0037
979.1000 0.2570 0.0037
984.1000 0.2581 0.0037
989.1000 0.2581 0.0037
994.1000 0.2603 0.0037
999.1000 0.2636 0.0037
1004.1000 0.2648 0.0037
1009.1000 0.2672 0.0037
1014.1000 0.2719 0.0037
1019.1000 0.2741 0.0037
1024.1000 0.2752 0.0038
1029.2000 0.2752 0.0038
1034.3000 0.2752 0.0038
1039.4000 0.2769 0.0038
1044.5000 0.2769 0.0038
1049.6000 0.2779 0.0038
1054.7000 0.2779 0.0038
1059.8000 0.2779 0.0038
1064.9000 0.2804 0.0038
1070.0000 0.2826 0.0038
1075.1000 0.2838 0.0038
1080.2000 0.2838 0.0038
1085.3000 0.2838 0.0038
1090.4000 0.2851 0.0038
1095.5000 0.2866 0.0038
1100.6000 0.3192 0.0097
1105.7000 0.3223 0.0097
1110.8000 0.3223 0.0097
1115.9000 0.3239 0.0097
1121.0000 0.3271 0.0097
1126.1000 0.3298 0.0097
1131.2000 0.3329 0.0097
1136.3000 0.3344 0.0097
1141.4000 0.3344 0.0097
1146.5000 0.3344 0.0097
1151.6000 0.3344 0.0097
1156.7000 0.3372 0.0097
1161.8000 0.3386 0.0098
1166.9000 0.3413 0.0097
1172.0000 0.3429 0.0098
1177.1000 0.3429 0.0098
1182.2000 0.3429 0.0098
1187.3000 0.3466 0.0098
1192.4000 0.3479 0.0098
1197.5000 0.3537 0.0098
1202.6000 0.3550 0.0098
1207.7000 0.3550 0.0098
1212.8000 0.3562 0.0098
1217.9000 0.3585 0.0099
1223.0000 0.3597 0.0099
1228.1000 0.3611 0.0099
1233.2000 0.3623 0.0099
1238.3000 0.3634 0.0099
1243.4000 0.3634 0.0099
1248.5000 0.3660 0.0099
1253.6000 0.3674 0.0099
1258.7000 0.3688 0.0099
1263.8000 0.3688 0.0099
1268.9000 0.3702 0.0099
1274.0000 0.3702 0.0099
1279.1000 0.3702 0.0099
1284.2000 0.3730 0.0099
1289.3000 0.3744 0.0099
1294.4000 0.3787 0.0100
1299.5000 0.3802 0.0100
1304.6000 0.3802 0.0100
1309.7000 0.3831 0.0100
1314.8000 0.3852 0.0100
1319.9000 0.3884 0.0100
1325.0000 0.3884 0.0100
1330.1000 0.3884 0.0100
1335.2000 0.3884 0.0100
1340.3000 0.3894 0.0100
1345.4000 0.3902 0.0100
1350.5000 0.3927 0.0100
1355.6000 0.3935 0.0100
1360.7000 0.3935 0.0100
1365.8000 0.3935 0.0100
1370.9000 0.3935 0.0100
1376.0000 0.3935 0.0100
1381.1000 0.3946 0.0100
1386.2000 0.3967 0.0100
1391.3000 0.3967 0.0100
1396.4000 0.3978 0.0100
1401.5000 0.3994 0.0100
1406.6000 0.3994 0.0100
1411.7000 0.4008 0.0100
1416.8000 0.4008 0.0100
1421.9000 0.4008 0.0100
1427.0000 0.4016 0.0100
1432.1000 0.4032 0.0100
1437.2000 0.4042 0.0100
1442.3000 0.4042 0.0100
1447.4000 0.4055 0.0100
1452.5000 0.4084 0.0100
1457.6000 0.4097 0.0100
1462.7000 0.4111 0.0100
1467.8000 0.4130 0.0100
1472.9000 0.4130 0.0100
1478.0000 0.4140 0.0100
1483.1000 0.4140 0.0100
1488.2000 0.4183 0.0101
1493.3000 0.4207 0.0101
1498.4000 0.4217 0.0101
1503.5000 0.4237 0.0101
1508.6000 0.4248 0.0101
1513.7000 0.4258 0.0101
1518.8000 0.4258 0.0101
1523.9000 0.4258 0.0101
1529.0000 0.4268 0.0101
1534.1000 0.4296 0.0101
1539.2000 0.4315 0.0101
1544.3000 0.4315 0.0101
1549.4000 0.4315 0.0101
1554.5000 0.4325 0.0101
1559.6000 0.4325 0.0101
1564.7000 0.4358 0.0102
1569.8000 0.4358 0.0102
1574.9000 0.4358 0.0102
1580.0000 0.4358 0.0102
1585.1000 0.4369 0.0102
1590.2000 0.4438 0.0102
1595.3000 0.4438 0.0102
1600.4000 0.4454 0.0102
1605.5000 0.4454 0.0102
1610.6000 0.4466 0.0102
1615.7000 0.4466 0.0102
1620.8000 0.4524 0.0103
1625.9000 0.4524 0.0103
1631.0000 0.4524 0.0103
1636.1000 0.4538 0.0103
1641.2000 0.4538 0.0103
1646.3000 0.4552 0.0102
1651.4000 0.4552 0.0102
1656.5000 0.4552 0.0102
1661.6000 0.4580 0.0102
1666.7000 0.4594 0.0102
1671.8000 0.4594 0.0102
1676.9000 0.4594 0.0102
1682.0000 0.4607 0.0102
1687.1000 0.4623 0.0102
1692.2000 0.4664 0.0103
1697.3000 0.4664 0.0103
1702.4000 0.4664 0.0103
1707.5000 0.4679 0.0103
1712.6000 0.4708 0.0103
1717.7000 0.4722 0.0103
1722.8000 0.4733 0.0103
1727.9000 0.4787 0.0104
1733.0000 0.4787 0.0104
1738.1000 0.4787 0.0104
1743.2000 0.4814 0.0104
1748.3000 0.4829 0.0104
1753.4000 0.4829 0.0104
1758.5000 0.4842 0.0104
1763.6000 0.4857 0.0104
1768.7000 0.4857 0.0104
1773.8000 0.4872 0.0104
1778.9000 0.4886 0.0104
1784.0000 0.4886 0.0104
1789.1000 0.4886 0.0104
1794.2000 0.4901 0.0104
1799.3000 0.4929 0.0104
1804.4000 0.4941 0.0104
1809.5000 0.4967 0.0105
1814.6000 0.4995 0.0105
1819.7000 0.4995 0.0105
1824.8000 0.4995 0.0105
1829.9000 0.5027 0.0105
1835.0000 0.5042 0.0105
1840.1000 0.5058 0.0105
1845.2000 0.5086 0.0106
1850.3000 0.5101 0.0106
1855.4000 0.5165 0.0107
1860.5000 0.5189 0.0107
1865.6000 0.5189 0.0107
1870.7000 0.5202 0.0107
1875.8000 0.5202 0.0107
1880.9000 0.5202 0.0107
1886.0000 0.5233 0.0107
1891.1000 0.5254 0.0108
1896.2000 0.5265 0.0108
1901.3000 0.5265 0.0108
1906.4000 0.5265 0.0108
1911.5000 0.5284 0.0108
1916.6000 0.5294 0.0108
1921.7000 0.5304 0.0108
1926.8000 0.5304 0.0108
1931.9000 0.5304 0.0108
1937.0000 0.5304 0.0108
1942.1000 0.5323 0.0108
1947.2000 0.5323 0.0108
1952.3000 0.5335 0.0108
1957.4000 0.5347 0.0108
1962.5000 0.5347 0.0108
1967.6000 0.5347 0.0108
1972.7000 0.5359 0.0108
1977.8000 0.5359 0.0108
1982.9000 0.5382 0.0108
1988.0000 0.5401 0.0108
1993.1000 0.5438 0.0109
1998.2000 0.5470 0.0109
2003.3000 0.5482 0.0109
2008.4000 0.5482 0.0109
2013.5000 0.5493 0.0109
2018.6000 0.5733 0.0184
2023.7000 0.5780 0.0184
2028.8000 0.5792 0.0184
2033.9000 0.5792 0.0184
2039.0000 0.5804 0.0185
2044.1000 0.5804 0.0185
2049.2000 0.5816 0.0185
2054.3000 0.5828 0.0185
2059.4000 0.5853 0.0185
2064.5000 0.5865 0.0185
2069.6000 0.5865 0.0185
2074.7000 0.5889 0.0185
2079.8000 0.5889 0.0185
2084.9000 0.5889 0.0185
2090.0000 0.5902 0.0185
2095.1000 0.5914 0.0185
2100.2000 0.5926 0.0185
2105.3000 0.5926 0.0185
2110.4000 0.5926 0.0185
2115.5000 0.5926 0.0185
2120.6000 0.5938 0.0185
2125.7000 0.5950 0.0185
2130.8000 0.5950 0.0185
2135.9000 0.5950 0.0185
2141.0000 0.5974 0.0185
2146.1000 0.5999 0.0185
2151.2000 0.6024 0.0186
2156.3000 0.6024 0.0186
2161.4000 0.6036 0.0186
2166.5000 0.6098 0.0186
2171.6000 0.6098 0.0186
2176.7000 0.6119 0.0186
2181.8000 0.6119 0.0186
2186.9000 0.6119 0.0186
2192.0000 0.6119 0.0186
2197.1000 0.6131 0.0187
2202.2000 0.6145 0.0187
2207.3000 0.6202 0.0187
2212.4000 0.6211 0.0187
2217.5000 0.6227 0.0187
2222.6000 0.6227 0.0187
2227.7000 0.6227 0.0187
2232.8000 0.6246 0.0187
2237.9000 0.6246 0.0187
2243.0000 0.6246 0.0187
2248.1000 0.6246 0.0187
2253.2000 0.6246 0.0187
2258.3000 0.6246 0.0187
2263.4000 0.6262 0.0187
2268.5000 0.6262 0.0187
2273.6000 0.6262 0.0187
2278.7000 0.6278 0.0188
2283.8000 0.6278 0.0188
2288.9000 0.6291 0.0188
2294.0000 0.6316 0.0188
2299.1000 0.6329 0.0188
2304.2000 0.6329 0.0188
2309.3000 0.6338 0.0188
2314.4000 0.6338 0.0188
2319.5000 0.6354 0.0188
2324.6000 0.6389 0.0189
2329.7000 0.6418 0.0189
2334.8000 0.6418 0.0189
2339.9000 0.6444 0.0189
2345.0000 0.6453 0.0189
2350.1000 0.6482 0.0189
2355.2000 0.6494 0.0189
2360.3000 0.6494 0.0189
2365.4000 0.6494 0.0189
2370.5000 0.6503 0.0190
2375.6000 0.6503 0.0190
2380.7000 0.6514 0.0189
2385.8000 0.6514 0.0189
2390.9000 0.6577 0.0190
2396.0000 0.6577 0.0190
2401.1000 0.6577 0.0190
2406.2000 0.6577 0.0190
2411.3000 0.6590 0.0190
2416.4000 0.6603 0.0190
2421.5000 0.6616 0.0191
2426.6000 0.6628 0.0191
2431.7000 0.6628 0.0191
2436.8000 0.6628 0.0191
2441.9000 0.6648 0.0191
2447.0000 0.6668 0.0192
2452.1000 0.6700 0.0192
2457.2000 0.6712 0.0192
2462.3000 0.6737 0.0193
2467.4000 0.6760 0.0193
2472.5000 0.6760 0.0193
2477.6000 0.6760 0.0193
2482.7000 0.6760 0.0193
2487.8000 0.6760 0.0193
2492.9000 0.6787 0.0193
2498.0000 0.6818 0.0194
2503.1000 0.6818 0.0194
2508.2000 0.6849 0.0194
2513.3000 0.6849 0.0194
2518.4000 0.6849 0.0194
2523.5000 0.6862 0.0194
2528.6000 0.6886 0.0194
2533.7000 0.6912 0.0194
2538.8000 0.6912 0.0194
2543.9000 0.6925 0.0194
2549.0000 0.6949 0.0194
2554.1000 0.6960 0.0194
2559.2000 0.6982 0.0195
2564.3000 0.6993 0.0195
2569.4000 0.7017 0.0195
2574.5000 0.7028 0.0195
2579.6000 0.7028 0.0195
2584.7000 0.7040 0.0195
2589.8000 0.7065 0.0195
2594.9000 0.7089 0.0196
2600.0000 0.7100 0.0196
2605.1000 0.7100 0.0196
2610.2000 0.7100 0.0196
2615.3000 0.7126 0.0196
2620.4000 0.7134 0.0196
2625.5000 0.7143 0.0196
2630.6000 0.7171 0.0196
2635.7000 0.7180 0.0196
2640.8000 0.7180 0.0196
2645.9000 0.7202 0.0196
2651.0000 0.7210 0.0196
2656.1000 0.7228 0.0196
2661.2000 0.7245 0.0196
2666.3000 0.7245 0.0196
2671.4000 0.7254 0.0196
2676.5000 0.7254 0.0196
2681.6000 0.7268 0.0196
2686.7000 0.7313 0.0196
2691.8000 0.7313 0.0196
2696.9000 0.7313 0.0196
2702.0000 0.7328 0.0196
2707.1000 0.7328 0.0196
2712.2000 0.7328 0.0196
2717.3000 0.7352 0.0196
2722.4000 0.7352 0.0196
2727.5000 0.7364 0.0196
2732.6000 0.7364 0.0196
2737.7000 0.7379 0.0196
2742.8000 0.7379 0.0196
2747.9000 0.7400 0.0197
2753.0000 0.7400 0.0197
2758.1000 0.7400 0.0197
2763.2000 0.7400 0.0197
2768.3000 0.7412 0.0197
2773.4000 0.7424 0.0196
2778.5000 0.7424 0.0196
2783.6000 0.7437 0.0197
2788.7000 0.7437 0.0197
2793.8000 0.7437 0.0197
2798.9000 0.7437 0.0197
2804.0000 0.7437 0.0197
2809.1000 0.7449 0.0197
2814.2000 0.7490 0.0198
2819.3000 0.7519 0.0197
2824.4000 0.7547 0.0198
2829.5000 0.7562 0.0198
2834.6000 0.7577 0.0198
2839.7000 0.7589 0.0198
2844.8000 0.7630 0.0199
2849.9000 0.7640 0.0199
2855.0000 0.7650 0.0199
2860.1000 0.7650 0.0199
2865.2000 0.7680 0.0199
2870.3000 0.7680 0.0199
2875.4000 0.7735 0.0200
2880.5000 0.7748 0.0200
2885.6000 0.7748 0.0200
2890.7000 0.7758 0.0200
2895.8000 0.7758 0.0200
2900.9000 0.7792 0.0200
2906.0000 0.7823 0.0200
2911.1000 0.7823 0.0200
2916.2000 0.7823 0.0200
2921.3000 0.7823 0.0200
2926.4000 0.7823 0.0200
2931.5000 0.7867 0.0200
2936.6000 0.7889 0.0200
2941.7000 0.7911 0.0201
2946.8000 0.7911 0.0201
2951.9000 0.7911 0.0201
2957.0000 0.7927 0.0200
2962.1000 0.7927 0.0200
2967.2000 0.7927 0.0200
2972.3000 0.7927 0.0200
2977.4000 0.7927 0.0200
2982.5000 0.7959 0.0201
2987.6000 0.8008 0.0202
2992.7000 0.8008 0.0202
2997.8000 0.8008 0.0202
3002.9000 0.8040 0.0202
3008.0000 0.8040 0.0202
3013.1000 0.8054 0.0203
3018.2000 0.8054 0.0203
3023.3000 0.8070 0.0202
3028.4000 0.8070 0.0202
3033.5000 0.8086 0.0203
3038.6000 0.8113 0.0203
3043.7000 0.8113 0.0203
3048.8000 0.8141 0.0203
3053.9000 0.8141 0.0203
3059.0000 0.8168 0.0203
3064.1000 0.8168 0.0203
3069.2000 0.8181 0.0204
3074.3000 0.8219 0.0204
3079.4000 0.8246 0.0204
3084.5000 0.8273 0.0205
3089.6000 0.8273 0.0205
3094.7000 0.8286 0.0205
3099.8000 0.8286 0.0205
3104.9000 0.8296 0.0205
3110.0000 0.8326 0.0205
3115.1000 0.8351 0.0205
3120.2000 0.8351 0.0205
3125.3000 0.8361 0.0205
3130.4000 0.8374 0.0205
3135.5000 0.8414 0.0206
3140.6000 0.8414 0.0206
3145.7000 0.8427 0.0207
3150.8000 0.8453 0.0207
3155.9000 0.8480 0.0207
3161.0000 0.8500 0.0207
3166.1000 0.8523 0.0207
3171.2000 0.8523 0.0207
3176.3000 0.8523 0.0207
3181.4000 0.8523 0.0207
3186.5000 0.8543 0.0208
3191.6000 0.8552 0.0208
3196.7000 0.8552 0.0208
3201.8000 0.8552 0.0208
3206.9000 0.8552 0.0208
3212.0000 0.8552 0.0208
3217.1000 0.8552 0.0208
3222.2000 0.8577 0.0208
3227.3000 0.8590 0.0208
3232.4000 0.8590 0.0208
3237.5000 0.8590 0.0208
3242.6000 0.8590 0.0208
3247.7000 0.8599 0.0208
3252.8000 0.8615 0.0208
3257.9000 0.8615 0.0208
3263.0000 0.8639 0.0209
3268.1000 0.8649 0.0209
3273.2000 0.8658 0.0209
3278.3000 0.8685 0.0210
3283.4000 0.8718 0.0210
3288.5000 0.8729 0.0210
3293.6000 0.8729 0.0210
3298.7000 0.8729 0.0210
3303.8000 0.8755 0.0210
3308.9000 0.8755 0.0210
3314.0000 0.8822 0.0211
3319.1000 0.9167 0.0353
3324.2000 0.9194 0.0354
3329.3000 0.9194 0.0354
3334.4000 0.9194 0.0354
3339.5000 0.9194 0.0354
3344.6000 0.9208 0.0354
3349.7000 0.9208 0.0354
3354.8000 0.9208 0.0354
3359.9000 0.9208 0.0354
3365.0000 0.9208 0.0354
3370.1000 0.9221 0.0354
3375.2000 0.9480 0.0366
3380.3000 0.9480 0.0366
3385.4000 0.9493 0.0366
3390.5000 0.9493 0.0366
3395.6000 0.9493 0.0366
3400.7000 0.9543 0.0366
3405.8000 0.9543 0.0366
3410.9000 0.9556 0.0367
3416.0000 0.9556 0.0367
3421.1000 0.9556 0.0367
3426.2000 0.9593 0.0366
3431.3000 0.9627 0.0367
3436.4000 0.9636 0.0367
3441.5000 0.9636 0.0367
3446.6000 0.9646 0.0367
3451.7000 0.9673 0.0368
3456.8000 0.9689 0.0368
3461.9000 0.9705 0.0368
3467.0000 1.0050 0.0434
3472.1000 1.0059 0.0434
3477.2000 1.0059 0.0434
3482.3000 1.0085 0.0435
3487.4000 1.0110 0.0435
3492.5000 1.0126 0.0435
3497.6000 1.0140 0.0435
3502.7000 1.0163 0.0435
3507.8000 1.0180 0.0435
3512.9000 1.0180 0.0435
3518.0000 1.0195 0.0436
3523.1000 1.0215 0.0436
3528.2000 1.0230 0.0436
3533.3000 1.0246 0.0437
3538.4000 1.0246 0.0437
3543.5000 1.0246 0.0437
3548.6000 1.0574 0.0454
3553.7000 1.0605 0.0454
3558.8000 1.0605 0.0454
3563.9000 1.0605 0.0454
3569.0000 1.0605 0.0454
3574.1000 1.0605 0.0454
3579.2000 1.0615 0.0455
3584.3000 1.0624 0.0455
3589.4000 1.0634 0.0455
3594.5000 1.0634 0.0455
3599.6000 1.0634 0.0455
