5.1000 0.0000 0.0000
10.2000 0.0000 0.0000
15.3000 0.0000 0.0000
20.3000 0.0000 0.0000
25.3000 0.0000 0.0000
30.3000 0.0000 0.0000
35.3000 0.0018 0.0000
40.3000 0.0018 0.0000
45.3000 0.0018 0.0000
50.3000 0.0018 0.0000
55.3000 0.0018 0.0000
60.3000 0.0038 0.0000
65.4000 0.0038 0.0000
70.5000 0.0038 0.0000
75.6000 0.0038 0.0000
80.7000 0.0073 0.0000
85.8000 0.0093 0.0000
90.9000 0.0111 0.0000
96.0000 0.0111 0.0000
101.1000 0.0111 0.0000
106.2000 0.0111 0.0000
111.3000 0.0128 0.0000
116.4000 0.0158 0.0000
121.5000 0.0198 0.0000
126.6000 0.0198 0.0000
131.7000 0.0198 0.0000
136.8000 0.0198 0.0000
141.9000 0.0219 0.0000
147.0000 0.0259 0.0001
152.1000 0.0309 0.0001
157.2000 0.0309 0.0001
162.3000 0.0329 0.0001
167.4000 0.0379 0.0001
172.5000 0.0421 0.0001
177.6000 0.0516 0.0001
182.7000 0.0589 0.0002
187.8000 0.0589 0.0002
192.9000 0.0589 0.0002
198.0000 0.0589 0.0002
203.1000 0.0668 0.0002
208.2000 0.0688 0.0002
213.3000 0.0710 0.0002
218.4000 0.0710 0.0002
223.5000 0.0710 0.0002
228.6000 0.0727 0.0002
233.7000 0.0777 0.0002
238.8000 0.0797 0.0002
243.9000 0.0797 0.0002
249.0000 0.0850 0.0002
254.1000 0.0850 0.0002
259.1000 0.0850 0.0002
264.1000 0.0870 0.0002
269.1000 0.0909 0.0002
274.1000 0.0909 0.0002
279.1000 0.0909 0.0002
284.1000 0.0926 0.0003
289.1000 0.0961 0.0003
294.1000 0.0981 0.0003
299.1000 0.1013 0.0003
304.1000 0.1045 0.0003
309.1000 0.1045 0.0003
314.1000 0.1065 0.0003
319.1000 0.1065 0.0003
324.1000 0.1094 0.0003
329.1000 0.1127 0.0004
334.1000 0.1206 0.0004
339.1000 0.1206 0.0004
344.1000 0.1225 0.0004
349.1000 0.1242 0.0004
354.1000 0.1242 0.0004
359.1000 0.1242 0.0004
364.1000 0.1242 0.0004
369.1000 0.1262 0.0004
374.1000 0.1262 0.0004
379.1000 0.1284 0.0004
384.1000 0.1304 0.0004
389.1000 0.1321 0.0004
394.1000 0.1321 0.0004
399.1000 0.1343 0.0005
404.1000 0.1365 0.0005
409.1000 0.1451 0.0005
414.1000 0.1451 0.0005
419.1000 0.1451 0.0005
424.1000 0.1496 0.0005
429.1000 0.1496 0.0005
434.1000 0.1545 0.0005
439.1000 0.1572 0.0005
444.1000 0.1598 0.0005
449.1000 0.1616 0.0005
454.1000 0.1616 0.0005
459.1000 0.1616 0.0005
464.1000 0.1639 0.0005
469.1000 0.1754 0.0005
474.1000 0.1795 0.0006
479.1000 0.1795 0.0006
484.1000 0.1795 0.0006
489.1000 0.1795 0.0006
494.1000 0.1795 0.0006
499.1000 0.1831 0.0006
504.1000 0.1932 0.0007
509.1000 0.1951 0.0007
514.1000 0.1951 0.0007
519.1000 0.1951 0.0007
524.1000 0.1977 0.0007
529.1000 0.1977 0.0007
534.1000 0.1977 0.0007
539.1000 0.2022 0.0007
544.1000 0.2077 0.0007
549.1000 0.2096 0.0007
554.1000 0.2475 0.0023
559.1000 0.2496 0.0023
564.1000 0.2550 0.0023
569.1000 0.2627 0.0024
574.1000 0.2652 0.0024
579.1000 0.2695 0.0024
584.1000 0.2734 0.0025
589.1000 0.2734 0.0025
594.1000 0.2734 0.0025
599.1000 0.2764 0.0025
604.1000 0.2789 0.0025
609.1000 0.2818 0.0025
614.1000 0.2847 0.0025
619.1000 0.2847 0.0025
624.1000 0.2847 0.0025
629.1000 0.2847 0.0025
634.1000 0.2870 0.0025
639.1000 0.2870 0.0025
644.1000 0.2940 0.0025
649.1000 0.2940 0.0025
654.1000 0.2970 0.0025
659.1000 0.2993 0.0025
664.1000 0.3075 0.0025
669.1000 0.3133 0.0025
674.1000 0.3133 0.0025
679.1000 0.3179 0.0026
684.1000 0.3179 0.0026
689.1000 0.3179 0.0026
694.1000 0.3179 0.0026
699.1000 0.3217 0.0026
704.1000 0.3238 0.0025
709.1000 0.3238 0.0025
714.1000 0.3238 0.0025
719.1000 0.3262 0.0026
724.1000 0.3279 0.0026
729.1000 0.3296 0.0026
734.1000 0.3350 0.0025
739.1000 0.3373 0.0025
744.1000 0.3406 0.0025
749.1000 0.3406 0.0025
754.1000 0.3423 0.0025
759.1000 0.3482 0.0026
764.1000 0.3503 0.0026
769.1000 0.3503 0.0026
774.1000 0.3532 0.0026
779.1000 0.3561 0.0026
784.1000 0.3561 0.0026
789.1000 0.3584 0.0026
794.1000 0.3626 0.0026
799.1000 0.3626 0.0026
804.1000 0.3626 0.0026
809.1000 0.3647 0.0026
814.1000 0.3710 0.0026
819.1000 0.3736 0.0026
824.1000 0.3784 0.0027
829.1000 0.3835 0.0027
834.1000 0.3835 0.0027
839.1000 0.3861 0.0028
844.1000 0.3910 0.0028
849.1000 0.3910 0.0028
854.1000 0.3931 0.0028
859.1000 0.3997 0.0028
864.1000 0.4115 0.0028
869.1000 0.4163 0.0028
874.1000 0.4163 0.0028
879.1000 0.4163 0.0028
884.1000 0.4228 0.0028
889.1000 0.4228 0.0028
894.1000 0.4251 0.0028
899.1000 0.4273 0.0028
904.1000 0.4295 0.0028
909.1000 0.4295 0.0028
914.1000 0.4315 0.0028
919.1000 0.4360 0.0028
924.1000 0.4382 0.0028
929.1000 0.4448 0.0028
934.1000 0.4448 0.0028
939.1000 0.4448 0.0028
944.1000 0.4448 0.0028
949.1000 0.4493 0.0028
954.1000 0.4513 0.0028
959.1000 0.4539 0.0028
964.1000 0.4539 0.0028
969.1000 0.4589 0.0028
974.1000 0.4589 0.0028
979.1000 0.4612 0.0028
984.1000 0.4612 0.0028
989.1000 0.4637 0.0028
994.1000 0.4637 0.0028
999.1000 0.4637 0.0028
1004.1000 0.4637 0.0028
1009.1000 0.4660 0.0028
1014.1000 0.4660 0.0028
1019.1000 0.4732 0.0029
1024.1000 0.4732 0.0029
1029.2000 0.4732 0.0029
1034.3000 0.4732 0.0029
1039.4000 0.4822 0.0029
1044.5000 0.4822 0.0029
1049.6000 0.4822 0.0029
1054.7000 0.4822 0.0029
1059.8000 0.4867 0.0029
1064.9000 0.4941 0.0029
1070.0000 0.4986 0.0029
1075.1000 0.5037 0.0029
1080.2000 0.5037 0.0029
1085.3000 0.5037 0.0029
1090.4000 0.5037 0.0029
1095.5000 0.5101 0.0029
1100.6000 0.5124 0.0029
1105.7000 0.5124 0.0029
1110.8000 0.5155 0.0029
1115.9000 0.5155 0.0029
1121.0000 0.5186 0.0030
1126.1000 0.5186 0.0030
1131.2000 0.5212 0.0030
1136.3000 0.5212 0.0030
1141.4000 0.5276 0.0031
1146.5000 0.5276 0.0031
1151.6000 0.5391 0.0031
1156.7000 0.5420 0.0032
1161.8000 0.5505 0.0032
1166.9000 0.5505 0.0032
1172.0000 0.5556 0.0032
1177.1000 0.5556 0.0032
1182.2000 0.5620 0.0032
1187.3000 0.5674 0.0032
1192.4000 0.5730 0.0032
1197.5000 0.5761 0.0032
1202.6000 0.5761 0.0032
1207.7000 0.5761 0.0032
1212.8000 0.5819 0.0033
1217.9000 0.5897 0.0032
1223.0000 0.5943 0.0032
1228.1000 0.5943 0.0032
1233.2000 0.5943 0.0032
1238.3000 0.5943 0.0032
1243.4000 0.5966 0.0032
1248.5000 0.5990 0.0032
1253.6000 0.6067 0.0032
1258.7000 0.6123 0.0033
1263.8000 0.6123 0.0033
1268.9000 0.6151 0.0033
1274.0000 0.6175 0.0033
1279.1000 0.6203 0.0033
1284.2000 0.6261 0.0034
1289.3000 0.6284 0.0034
1294.4000 0.6284 0.0034
1299.5000 0.6284 0.0034
1304.6000 0.6284 0.0034
1309.7000 0.6313 0.0033
1314.8000 0.6334 0.0034
1319.9000 0.6334 0.0034
1325.0000 0.6334 0.0034
1330.1000 0.6334 0.0034
1335.2000 0.6334 0.0034
1340.3000 0.6334 0.0034
1345.4000 0.6351 0.0034
1350.5000 0.6351 0.0034
1355.6000 0.6351 0.0034
1360.7000 0.6379 0.0033
1365.8000 0.6379 0.0033
1370.9000 0.6379 0.0033
1376.0000 0.6379 0.0033
1381.1000 0.6422 0.0033
1386.2000 0.6474 0.0034
1391.3000 0.6474 0.0034
1396.4000 0.6474 0.0034
1401.5000 0.6503 0.0034
1406.6000 0.6555 0.0034
1411.7000 0.6582 0.0035
1416.8000 0.6582 0.0035
1421.9000 0.6620 0.0035
1427.0000 0.6684 0.0035
1432.1000 0.6684 0.0035
1437.2000 0.6703 0.0035
1442.3000 0.6723 0.0036
1447.4000 0.6744 0.0036
1452.5000 0.6766 0.0036
1457.6000 0.6785 0.0036
1462.7000 0.6785 0.0036
1467.8000 0.6806 0.0036
1472.9000 0.6827 0.0036
1478.0000 0.6827 0.0036
1483.1000 0.6847 0.0036
1488.2000 0.6847 0.0036
1493.3000 0.6877 0.0036
1498.4000 0.6917 0.0036
1503.5000 0.6917 0.0036
1508.6000 0.6917 0.0036
1513.7000 0.6947 0.0036
1518.8000 0.6966 0.0036
1523.9000 0.6966 0.0036
1529.0000 0.6985 0.0036
1534.1000 0.7031 0.0036
1539.2000 0.7072 0.0036
1544.3000 0.7091 0.0036
1549.4000 0.7118 0.0037
1554.5000 0.7138 0.0037
1559.6000 0.7157 0.0037
1564.7000 0.7197 0.0037
1569.8000 0.7216 0.0037
1574.9000 0.7216 0.0037
1580.0000 0.7235 0.0037
1585.1000 0.7235 0.0037
1590.2000 0.7315 0.0037
1595.3000 0.7341 0.0038
1600.4000 0.7362 0.0038
1605.5000 0.7362 0.0038
1610.6000 0.7362 0.0038
1615.7000 0.7362 0.0038
1620.8000 0.7422 0.0039
1625.9000 0.7422 0.0039
1631.0000 0.7422 0.0039
1636.1000 0.7422 0.0039
1641.2000 0.7422 0.0039
1646.3000 0.7451 0.0039
1651.4000 0.7451 0.0039
1656.5000 0.7471 0.0039
1661.6000 0.7518 0.0039
1666.7000 0.7518 0.0039
1671.8000 0.7539 0.0039
1676.9000 0.7591 0.0039
1682.0000 0.7669 0.0040
1687.1000 0.7669 0.0040
1692.2000 0.7690 0.0039
1697.3000 0.7690 0.0039
1702.4000 0.7718 0.0039
1707.5000 0.7804 0.0039
1712.6000 0.7804 0.0039
1717.7000 0.7832 0.0039
1722.8000 0.7891 0.0039
1727.9000 0.7920 0.0039
1733.0000 0.8009 0.0040
1738.1000 0.8037 0.0040
1743.2000 0.8174 0.0040
1748.3000 0.8174 0.0040
1753.4000 0.8174 0.0040
1758.5000 0.8256 0.0040
1763.6000 0.8286 0.0041
1768.7000 0.8286 0.0041
1773.8000 0.8345 0.0041
1778.9000 0.8345 0.0041
1784.0000 0.8433 0.0041
1789.1000 0.8487 0.0041
1794.2000 0.8511 0.0041
1799.3000 0.8511 0.0041
1804.4000 0.8595 0.0042
1809.5000 0.8595 0.0042
1814.6000 0.8595 0.0042
1819.7000 0.8595 0.0042
1824.8000 0.8622 0.0042
1829.9000 0.8654 0.0041
1835.0000 0.8654 0.0041
1840.1000 0.8654 0.0041
1845.2000 0.8713 0.0042
1850.3000 0.8713 0.0042
1855.4000 0.8765 0.0042
1860.5000 0.8868 0.0042
1865.6000 0.8868 0.0042
1870.7000 0.8917 0.0042
1875.8000 0.8917 0.0042
1880.9000 0.8942 0.0043
1886.0000 0.9006 0.0042
1891.1000 0.9006 0.0042
1896.2000 0.9006 0.0042
1901.3000 0.9006 0.0042
1906.4000 0.9027 0.0042
1911.5000 0.9120 0.0043
1916.6000 0.9145 0.0042
1921.7000 0.9172 0.0042
1926.8000 0.9197 0.0042
1931.9000 0.9222 0.0043
1937.0000 0.9242 0.0043
1942.1000 0.9259 0.0043
1947.2000 0.9318 0.0043
1952.3000 0.9335 0.0043
1957.4000 0.9356 0.0042
1962.5000 0.9388 0.0042
1967.6000 0.9388 0.0042
1972.7000 0.9411 0.0042
1977.8000 0.9411 0.0042
1982.9000 0.9431 0.0042
1988.0000 0.9431 0.0042
1993.1000 0.9431 0.0042
1998.2000 0.9473 0.0042
2003.3000 0.9529 0.0041
2008.4000 0.9553 0.0042
2013.5000 0.9553 0.0042
2018.6000 0.9595 0.0042
2023.7000 0.9618 0.0043
2028.8000 0.9618 0.0043
2033.9000 0.9642 0.0043
2039.0000 0.9689 0.0043
2044.1000 0.9712 0.0043
2049.2000 0.9712 0.0043
2054.3000 0.9785 0.0044
2059.4000 0.9805 0.0044
2064.5000 0.9805 0.0044
2069.6000 0.9876 0.0044
2074.7000 0.9900 0.0045
2079.8000 0.9900 0.0045
2084.9000 0.9932 0.0044
2090.0000 1.0004 0.0045
2095.1000 1.0004 0.0045
2100.2000 1.0004 0.0045
2105.3000 1.0046 0.0045
2110.4000 1.0046 0.0045
2115.5000 1.0046 0.0045
2120.6000 1.0071 0.0046
2125.7000 1.0103 0.0046
2130.8000 1.0127 0.0046
2135.9000 1.0152 0.0046
2141.0000 1.0152 0.0046
2146.1000 1.0177 0.0046
2151.2000 1.0177 0.0046
2156.3000 1.0177 0.0046
2161.4000 1.0251 0.0045
2166.5000 1.0251 0.0045
2171.6000 1.0276 0.0045
2176.7000 1.0343 0.0046
2181.8000 1.0343 0.0046
2186.9000 1.0368 0.0046
2192.0000 1.0368 0.0046
2197.1000 1.0410 0.0046
2202.2000 1.0509 0.0045
2207.3000 1.0509 0.0045
2212.4000 1.0576 0.0046
2217.5000 1.0602 0.0045
2222.6000 1.0655 0.0045
2227.7000 1.0681 0.0046
2232.8000 1.0725 0.0046
2237.9000 1.0750 0.0046
2243.0000 1.0750 0.0046
2248.1000 1.0778 0.0046
2253.2000 1.0778 0.0046
2258.3000 1.0778 0.0046
2263.4000 1.0830 0.0047
2268.5000 1.0901 0.0047
2273.6000 1.0950 0.0048
2278.7000 1.1010 0.0048
2283.8000 1.1027 0.0049
2288.9000 1.1053 0.0049
2294.0000 1.1053 0.0049
2299.1000 1.1053 0.0049
2304.2000 1.1053 0.0049
2309.3000 1.1081 0.0048
2314.4000 1.1107 0.0049
2319.5000 1.1107 0.0049
2324.6000 1.1166 0.0049
2329.7000 1.1166 0.0049
2334.8000 1.1185 0.0049
2339.9000 1.1211 0.0050
2345.0000 1.1236 0.0050
2350.1000 1.1255 0.0050
2355.2000 1.1279 0.0050
2360.3000 1.1299 0.0050
2365.4000 1.1299 0.0050
2370.5000 1.1331 0.0050
2375.6000 1.1363 0.0051
2380.7000 1.1469 0.0051
2385.8000 1.1489 0.0051
2390.9000 1.1489 0.0051
2396.0000 1.1489 0.0051
2401.1000 1.1489 0.0051
2406.2000 1.1489 0.0051
2411.3000 1.1541 0.0051
2416.4000 1.1567 0.0051
2421.5000 1.1593 0.0051
2426.6000 1.1645 0.0052
2431.7000 1.1645 0.0052
2436.8000 1.1645 0.0052
2441.9000 1.1666 0.0053
2447.0000 1.1729 0.0053
2452.1000 1.1729 0.0053
2457.2000 1.1754 0.0053
2462.3000 1.1754 0.0053
2467.4000 1.1800 0.0053
2472.5000 1.1800 0.0053
2477.6000 1.1846 0.0053
2482.7000 1.1846 0.0053
2487.8000 1.1867 0.0053
2492.9000 1.1898 0.0053
2498.0000 1.1922 0.0053
2503.1000 1.1922 0.0053
2508.2000 1.1922 0.0053
2513.3000 1.1922 0.0053
2518.4000 1.1946 0.0053
2523.5000 1.1973 0.0053
2528.6000 1.1994 0.0053
2533.7000 1.2015 0.0053
2538.8000 1.2015 0.0053
2543.9000 1.2015 0.0053
2549.0000 1.2015 0.0053
2554.1000 1.2037 0.0053
2559.2000 1.2081 0.0054
2564.3000 1.2081 0.0054
2569.4000 1.2133 0.0054
2574.5000 1.2133 0.0054
2579.6000 1.2133 0.0054
2584.7000 1.2220 0.0055
2589.8000 1.2241 0.0055
2594.9000 1.2324 0.0055
2600.0000 1.2348 0.0055
2605.1000 1.2348 0.0055
2610.2000 1.2373 0.0055
2615.3000 1.2426 0.0055
2620.4000 1.2444 0.0054
2625.5000 1.2467 0.0054
2630.6000 1.2490 0.0054
2635.7000 1.2542 0.0054
2640.8000 1.2542 0.0054
2645.9000 1.2591 0.0054
2651.0000 1.2651 0.0054
2656.1000 1.2693 0.0054
2661.2000 1.2710 0.0054
2666.3000 1.2732 0.0054
2671.4000 1.2771 0.0054
2676.5000 1.2771 0.0054
2681.6000 1.2826 0.0054
2686.7000 1.2826 0.0054
2691.8000 1.2843 0.0054
2696.9000 1.2878 0.0054
2702.0000 1.2878 0.0054
2707.1000 1.2913 0.0054
2712.2000 1.2913 0.0054
2717.3000 1.2937 0.0054
2722.4000 1.2967 0.0055
2727.5000 1.2967 0.0055
2732.6000 1.2967 0.0055
2737.7000 1.3009 0.0055
2742.8000 1.3009 0.0055
2747.9000 1.3047 0.0055
2753.0000 1.3047 0.0055
2758.1000 1.3127 0.0055
2763.2000 1.3175 0.0055
2768.3000 1.3175 0.0055
2773.4000 1.3175 0.0055
2778.5000 1.3198 0.0055
2783.6000 1.3253 0.0054
2788.7000 1.3253 0.0054
2793.8000 1.3253 0.0054
2798.9000 1.3253 0.0054
2804.0000 1.3253 0.0054
2809.1000 1.3277 0.0055
2814.2000 1.3308 0.0055
2819.3000 1.3327 0.0055
2824.4000 1.3327 0.0055
2829.5000 1.3406 0.0056
2834.6000 1.3425 0.0055
2839.7000 1.3425 0.0055
2844.8000 1.3493 0.0055
2849.9000 1.3493 0.0055
2855.0000 1.3493 0.0055
2860.1000 1.3493 0.0055
2865.2000 1.3514 0.0055
2870.3000 1.3545 0.0054
2875.4000 1.3630 0.0054
2880.5000 1.3683 0.0054
2885.6000 1.3683 0.0054
2890.7000 1.3729 0.0053
2895.8000 1.3729 0.0053
2900.9000 1.3751 0.0053
2906.0000 1.3781 0.0052
2911.1000 1.3781 0.0052
2916.2000 1.3781 0.0052
2921.3000 1.3781 0.0052
2926.4000 1.3781 0.0052
2931.5000 1.3848 0.0052
2936.6000 1.3875 0.0052
2941.7000 1.3927 0.0052
2946.8000 1.3927 0.0052
2951.9000 1.3949 0.0053
2957.0000 1.3982 0.0052
2962.1000 1.3982 0.0052
2967.2000 1.3982 0.0052
2972.3000 1.3982 0.0052
2977.4000 1.4003 0.0052
2982.5000 1.4140 0.0052
2987.6000 1.4199 0.0053
2992.7000 1.4254 0.0053
2997.8000 1.4254 0.0053
3002.9000 1.4287 0.0053
3008.0000 1.4320 0.0052
3013.1000 1.4380 0.0052
3018.2000 1.4380 0.0052
3023.3000 1.4427 0.0052
3028.4000 1.4460 0.0052
3033.5000 1.4492 0.0053
3038.6000 1.4544 0.0052
3043.7000 1.4574 0.0053
3048.8000 1.4650 0.0053
3053.9000 1.4678 0.0053
3059.0000 1.4678 0.0053
3064.1000 1.4678 0.0053
3069.2000 1.4699 0.0053
3074.3000 1.4750 0.0052
3079.4000 1.4866 0.0053
3084.5000 1.4866 0.0053
3089.6000 1.4893 0.0054
3094.7000 1.4893 0.0054
3099.8000 1.4893 0.0054
3104.9000 1.4946 0.0053
3110.0000 1.4971 0.0054
3115.1000 1.4997 0.0053
3120.2000 1.4997 0.0053
3125.3000 1.4997 0.0053
3130.4000 1.5051 0.0053
3135.5000 1.5079 0.0053
3140.6000 1.5079 0.0053
3145.7000 1.5079 0.0053
3150.8000 1.5079 0.0053
3155.9000 1.5099 0.0053
3161.0000 1.5099 0.0053
3166.1000 1.5099 0.0053
3171.2000 1.5120 0.0053
3176.3000 1.5140 0.0053
3181.4000 1.5140 0.0053
3186.5000 1.5140 0.0053
3191.6000 1.5205 0.0053
3196.7000 1.5205 0.0053
3201.8000 1.5205 0.0053
3206.9000 1.5230 0.0052
3212.0000 1.5230 0.0052
3217.1000 1.5230 0.0052
3222.2000 1.5331 0.0052
3227.3000 1.5376 0.0052
3232.4000 1.5376 0.0052
3237.5000 1.5403 0.0052
3242.6000 1.5444 0.0052
3247.7000 1.5471 0.0052
3252.8000 1.5523 0.0053
3257.9000 1.5583 0.0053
3263.0000 1.5583 0.0053
3268.1000 1.5583 0.0053
3273.2000 1.5583 0.0053
3278.3000 1.5627 0.0052
3283.4000 1.5665 0.0052
3288.5000 1.5689 0.0052
3293.6000 1.5774 0.0052
3298.7000 1.5774 0.0052
3303.8000 1.5818 0.0053
3308.9000 1.5874 0.0052
3314.0000 1.5985 0.0054
3319.1000 1.6044 0.0054
3324.2000 1.6062 0.0055
3329.3000 1.6081 0.0054
3334.4000 1.6081 0.0054
3339.5000 1.6081 0.0054
3344.6000 1.6110 0.0054
3349.7000 1.6110 0.0054
3354.8000 1.6142 0.0054
3359.9000 1.6142 0.0054
3365.0000 1.6142 0.0054
3370.1000 1.6195 0.0054
3375.2000 1.6248 0.0054
3380.3000 1.6772 0.0118
3385.4000 1.6800 0.0118
3390.5000 1.6826 0.0117
3395.6000 1.6826 0.0117
3400.7000 1.6845 0.0117
3405.8000 1.6874 0.0117
3410.9000 1.6874 0.0117
3416.0000 1.6942 0.0117
3421.1000 1.6999 0.0118
3426.2000 1.7022 0.0118
3431.3000 1.7022 0.0118
3436.4000 1.7069 0.0118
3441.5000 1.7069 0.0118
3446.6000 1.7640 0.0262
3451.7000 1.7666 0.0262
3456.8000 1.7699 0.0262
3461.9000 1.7727 0.0262
3467.0000 1.7727 0.0262
3472.1000 1.7773 0.0263
3477.2000 1.7773 0.0263
3482.3000 1.7773 0.0263
3487.4000 1.7790 0.0263
3492.5000 1.7790 0.0263
3497.6000 1.7816 0.0263
3502.7000 1.7833 0.0262
3507.8000 1.7879 0.0262
3512.9000 1.7896 0.0262
3518.0000 1.7954 0.0262
3523.1000 1.7972 0.0262
3528.2000 1.7972 0.0262
3533.3000 1.7972 0.0262
3538.4000 1.7972 0.0262
3543.5000 1.8031 0.0261
3548.6000 1.8053 0.0261
3553.7000 1.8053 0.0261
3558.8000 1.8085 0.0261
3563.9000 1.8118 0.0260
3569.0000 1.8118 0.0260
3574.1000 1.8118 0.0260
3579.2000 1.8138 0.0260
3584.3000 1.8138 0.0260
3589.4000 1.8155 0.0260
3594.5000 1.8155 0.0260
3599.6000 1.8235 0.0258
