5.1000 0.0000 0.0000
10.2000 0.0000 0.0000
15.3000 0.0000 0.0000
20.3000 0.0000 0.0000
25.3000 0.0000 0.0000
30.3000 0.0000 0.0000
35.3000 0.1389 0.0292
40.3000 0.4516 0.0936
45.3000 0.6947 0.1424
50.3000 0.7989 0.1629
55.3000 1.0768 0.2166
60.3000 1.5748 0.3118
65.4000 1.7138 0.3367
70.5000 2.4501 0.4608
75.6000 3.3949 0.6046
80.7000 3.9854 0.6862
85.8000 4.4891 0.7545
90.9000 5.1198 0.8374
96.0000 5.3282 0.8598
101.1000 5.4730 0.8763
106.2000 5.9475 0.9283
111.3000 6.0923 0.9775
116.4000 6.6360 1.2127
121.5000 7.3362 1.4962
126.6000 7.8914 1.7202
131.7000 8.2730 1.8788
136.8000 9.0542 2.2221
141.9000 9.7773 2.7326
147.0000 10.9692 3.6145
152.1000 13.1145 5.1370
157.2000 14.7724 6.3779
162.3000 15.8870 7.0508
167.4000 17.2616 8.1923
172.5000 18.9105 9.4109
177.6000 20.2445 10.4984
182.7000 20.9686 11.1803
187.8000 22.2640 12.0679
192.9000 23.2698 12.7760
198.0000 23.9914 13.3293
203.1000 24.9263 14.1997
208.2000 25.7290 14.8609
213.3000 25.9764 15.0053
218.4000 25.8999 14.9220
223.5000 25.9382 14.9209
228.6000 26.0308 14.9679
233.7000 26.4145 15.2771
238.8000 26.9923 15.7538
243.9000 27.3891 16.1139
249.0000 27.4958 16.2519
254.1000 27.8423 16.4734
259.1000 27.9773 16.5365
264.1000 27.5793 16.2627
269.1000 27.8342 16.4153
274.1000 27.5051 16.1501
279.1000 27.6124 16.1769
284.1000 27.4845 16.0390
289.1000 27.8446 16.3156
294.1000 27.7362 16.2208
299.1000 27.7961 16.2080
304.1000 27.5436 16.0486
309.1000 27.6408 16.1206
314.1000 27.2795 15.8036
319.1000 27.3643 15.8239
324.1000 27.5059 15.9528
329.1000 27.1154 15.5305
334.1000 27.3122 15.6827
339.1000 27.3057 15.7585
344.1000 27.5479 16.0175
349.1000 27.2066 15.6608
354.1000 27.1184 15.5370
359.1000 27.5283 15.9256
364.1000 27.6729 16.0228
369.1000 27.6213 16.0058
374.1000 28.0098 16.3215
379.1000 27.8060 16.0408
384.1000 27.4084 15.2310
389.1000 28.4980 15.3918
394.1000 29.6061 15.0991
399.1000 31.4965 14.4394
404.1000 33.8790 13.9200
409.1000 34.1488 13.0215
414.1000 37.0641 13.5012
419.1000 40.3777 14.2655
424.1000 42.2171 14.2670
429.1000 44.7831 14.7631
434.1000 47.5910 15.3840
439.1000 49.8895 16.1372
444.1000 51.0962 16.5485
449.1000 52.6600 16.9495
454.1000 53.5311 17.1559
459.1000 54.5148 17.5191
464.1000 54.9516 17.4930
469.1000 55.1909 17.5032
474.1000 56.3875 17.7774
479.1000 55.6046 17.5328
484.1000 55.7402 17.4131
489.1000 55.2638 17.2305
494.1000 55.5743 17.2473
499.1000 54.7832 16.9500
504.1000 54.5351 16.7473
509.1000 54.5299 16.6538
514.1000 55.0379 16.8518
519.1000 54.5544 16.6887
524.1000 54.8099 16.8581
529.1000 54.5945 16.7876
534.1000 53.7019 16.4322
539.1000 53.5432 16.3041
544.1000 52.6740 16.1043
549.1000 53.2205 16.1883
554.1000 53.3499 16.1497
559.1000 53.3622 16.2201
564.1000 52.7815 15.9536
569.1000 52.9025 16.0442
574.1000 53.2886 16.2155
579.1000 53.5170 16.2543
584.1000 52.7498 16.0143
589.1000 52.7307 16.0691
594.1000 53.2928 16.2086
599.1000 52.3588 15.8431
604.1000 52.4837 15.8273
609.1000 53.2199 16.1241
614.1000 53.4352 16.2098
619.1000 53.2371 16.2546
624.1000 53.2605 16.2253
629.1000 52.9294 16.1101
634.1000 53.1069 16.1746
639.1000 53.7173 16.2973
644.1000 53.3547 16.1262
649.1000 53.1566 16.1900
654.1000 52.7613 15.9622
659.1000 52.4426 15.8541
664.1000 52.1666 15.6029
669.1000 52.5917 15.8056
674.1000 52.0592 15.5796
679.1000 52.6815 15.8200
684.1000 53.2152 15.9763
689.1000 52.6865 15.8062
694.1000 52.6641 15.8436
699.1000 52.5479 15.9368
704.1000 52.9900 16.0575
709.1000 53.9671 16.3201
714.1000 53.9765 16.3307
719.1000 53.6144 16.3050
724.1000 53.5797 16.2051
729.1000 53.4503 16.2031
734.1000 53.3954 16.2088
739.1000 53.5714 16.2714
744.1000 53.0821 15.9183
749.1000 53.0756 15.9563
754.1000 52.5509 15.7406
759.1000 53.2245 15.7311
764.1000 53.8461 15.4031
769.1000 55.3136 15.5202
774.1000 55.9839 15.2850
779.1000 57.1578 14.9912
784.1000 57.9887 14.7449
789.1000 58.1869 13.8823
794.1000 59.9561 13.4393
799.1000 61.3324 12.8177
804.1000 62.9723 12.7734
809.1000 64.6513 12.5652
814.1000 66.0729 11.4240
819.1000 68.4253 10.7451
824.1000 70.6218 9.6928
829.1000 71.9716 8.8390
834.1000 73.2021 8.0946
839.1000 75.4898 7.2263
844.1000 76.8531 6.5491
849.1000 77.2550 6.0958
854.1000 78.0203 5.6098
859.1000 79.5255 5.0773
864.1000 79.9728 4.6903
869.1000 79.7253 4.4971
874.1000 78.9707 4.6500
879.1000 79.9971 4.0266
884.1000 80.7470 3.7533
889.1000 80.2398 4.0542
894.1000 81.0969 3.9429
899.1000 81.2562 3.9289
904.1000 80.9294 3.7916
909.1000 82.2948 3.4336
914.1000 82.8102 3.4334
919.1000 84.4349 2.8514
924.1000 84.2290 3.0173
929.1000 83.9446 3.0547
934.1000 83.4166 3.2325
939.1000 82.8757 3.2743
944.1000 83.6220 3.1270
949.1000 84.3162 2.7827
954.1000 83.3387 3.0612
959.1000 83.1346 3.1853
964.1000 82.4768 3.1894
969.1000 83.1165 3.0436
974.1000 82.2892 3.0869
979.1000 82.5159 2.9796
984.1000 81.4269 3.2436
989.1000 80.8751 3.0245
994.1000 81.2004 3.0722
999.1000 81.6600 3.0708
1004.1000 81.4692 3.2033
1009.1000 81.4742 2.9122
1014.1000 80.8502 3.0708
1019.1000 81.0457 3.0197
1024.1000 81.6739 2.9210
1029.2000 81.2977 3.0018
1034.3000 82.2610 2.9434
1039.4000 81.9656 2.9768
1044.5000 82.5236 2.7917
1049.6000 83.4723 2.8243
1054.7000 82.8362 2.9025
1059.8000 82.3233 2.9695
1064.9000 82.7115 2.7803
1070.0000 82.5391 2.8909
1075.1000 81.8108 3.0068
1080.2000 81.6760 3.0077
1085.3000 82.0225 2.9512
1090.4000 80.9459 3.0429
1095.5000 81.0790 3.0221
1100.6000 82.0348 2.8205
1105.7000 82.0982 2.8151
1110.8000 82.8897 2.7468
1115.9000 82.3265 2.8209
1121.0000 82.0133 2.8991
1126.1000 82.4157 2.7081
1131.2000 81.6830 2.8840
1136.3000 82.0564 2.7606
1141.4000 82.6495 2.7440
1146.5000 81.5148 2.9936
1151.6000 80.7042 3.0574
1156.7000 81.1943 2.8997
1161.8000 80.6632 2.9537
1166.9000 79.9052 3.1634
1172.0000 81.4704 2.8594
1177.1000 81.6943 2.9725
1182.2000 81.7714 2.9210
1187.3000 81.6740 2.8998
1192.4000 81.2975 2.9322
1197.5000 80.5285 3.0652
1202.6000 79.8933 3.0508
1207.7000 80.8682 2.9485
1212.8000 80.5739 3.0047
1217.9000 80.5539 2.9272
1223.0000 82.0573 2.8517
1228.1000 79.7495 3.3247
1233.2000 80.3621 3.0419
1238.3000 81.2220 2.8957
1243.4000 81.7665 2.9215
1248.5000 81.5338 2.7481
1253.6000 81.2468 2.7901
1258.7000 81.7260 2.7722
1263.8000 82.2030 2.7303
1268.9000 81.8065 2.8418
1274.0000 81.0678 2.9110
1279.1000 82.7790 2.6557
1284.2000 82.7309 2.7906
1289.3000 82.5079 2.8099
1294.4000 82.7145 2.7453
1299.5000 82.7763 2.6356
1304.6000 82.7796 2.7150
1309.7000 82.9625 2.6926
1314.8000 82.5155 2.8274
1319.9000 82.4531 2.8658
1325.0000 82.3012 2.9156
1330.1000 83.1767 2.6321
1335.2000 82.9990 2.7403
1340.3000 82.3626 2.7721
1345.4000 82.5159 2.9361
1350.5000 82.3766 2.9327
1355.6000 83.3619 2.7315
1360.7000 83.0798 2.7894
1365.8000 82.9204 2.5836
1370.9000 82.0405 2.8509
1376.0000 82.1202 2.7100
1381.1000 82.3622 2.7588
1386.2000 82.5663 2.6396
1391.3000 82.2531 2.8656
1396.4000 82.6635 2.8361
1401.5000 82.1957 2.8835
1406.6000 82.0447 2.8162
1411.7000 83.3982 2.7074
1416.8000 83.5450 2.6875
1421.9000 82.8128 2.9377
1427.0000 83.6065 2.7371
1432.1000 84.4348 2.5578
1437.2000 83.8015 2.7412
1442.3000 84.0898 2.6193
1447.4000 83.4794 2.7255
1452.5000 83.0631 2.7500
1457.6000 83.1125 2.8318
1462.7000 83.2345 2.8318
1467.8000 83.8546 2.7730
1472.9000 82.5138 3.0236
1478.0000 84.4837 2.6284
1483.1000 83.7413 2.6265
1488.2000 82.5137 2.9187
1493.3000 82.4590 2.7183
1498.4000 82.4935 2.7455
1503.5000 82.9120 2.8582
1508.6000 82.5699 2.8698
1513.7000 82.0075 2.9392
1518.8000 82.5115 2.7465
1523.9000 82.2513 2.7980
1529.0000 83.3825 2.6056
1534.1000 82.8691 2.7589
1539.2000 82.9999 2.5849
1544.3000 82.3395 2.8146
1549.4000 82.7430 2.7147
1554.5000 82.7697 2.6291
1559.6000 81.0910 2.8937
1564.7000 82.2100 2.9028
1569.8000 82.4398 2.9132
1574.9000 81.9634 2.9446
1580.0000 82.2753 2.7660
1585.1000 82.0630 2.6853
1590.2000 80.6618 2.9037
1595.3000 81.3155 2.7506
1600.4000 81.5494 2.8231
1605.5000 80.7159 2.9360
1610.6000 81.8478 2.7110
1615.7000 80.9945 2.9560
1620.8000 81.4276 2.6457
1625.9000 81.3005 2.5558
1631.0000 81.4160 2.7550
1636.1000 81.8719 2.5899
1641.2000 82.1056 2.6489
1646.3000 81.9780 2.7524
1651.4000 83.5778 2.4881
1656.5000 82.9325 2.4721
1661.6000 82.9802 2.6002
1666.7000 83.0946 2.5500
1671.8000 83.7614 2.6173
1676.9000 84.6386 2.3238
1682.0000 83.6977 2.5578
1687.1000 83.1247 2.5091
1692.2000 83.1008 2.4675
1697.3000 83.2685 2.6706
1702.4000 83.3567 2.4103
1707.5000 82.3828 2.7264
1712.6000 83.0295 2.5589
1717.7000 82.6744 2.6368
1722.8000 82.9062 2.5242
1727.9000 81.8583 2.8234
1733.0000 82.5870 2.5428
1738.1000 83.0769 2.5233
1743.2000 83.2864 2.5021
1748.3000 83.5336 2.2966
1753.4000 83.6005 2.4532
1758.5000 83.5786 2.6272
1763.6000 82.6007 2.6677
1768.7000 83.9580 2.6005
1773.8000 83.6367 2.6363
1778.9000 83.6127 2.5858
1784.0000 83.8955 2.5130
1789.1000 83.5472 2.4862
1794.2000 84.4038 2.3669
1799.3000 85.0080 2.4659
1804.4000 85.7699 2.4889
1809.5000 84.8284 2.6431
1814.6000 84.9789 2.4956
1819.7000 85.0498 2.3878
1824.8000 84.3775 2.7717
1829.9000 85.5680 2.5201
1835.0000 85.4569 2.5205
1840.1000 83.7604 2.8392
1845.2000 84.6672 2.5921
1850.3000 83.5553 2.7869
1855.4000 84.5000 2.6285
1860.5000 85.1164 2.7259
1865.6000 84.4523 2.7998
1870.7000 85.1457 2.5758
1875.8000 84.6208 2.5501
1880.9000 83.8732 2.5977
1886.0000 84.1477 2.7393
1891.1000 83.2266 2.6697
1896.2000 84.3159 2.5758
1901.3000 84.6430 2.4624
1906.4000 83.4103 2.7871
1911.5000 83.8652 2.6734
1916.6000 84.4211 2.5957
1921.7000 84.1139 2.7690
1926.8000 84.3949 2.6242
1931.9000 84.0734 2.6484
1937.0000 84.7556 2.4443
1942.1000 84.8187 2.6330
1947.2000 84.8657 2.6025
1952.3000 84.7375 2.5876
1957.4000 84.4763 2.5862
1962.5000 84.2616 2.6064
1967.6000 84.4426 2.4852
1972.7000 85.2894 2.4676
1977.8000 84.3817 2.5084
1982.9000 84.2105 2.6171
1988.0000 83.6365 2.6068
1993.1000 83.0896 2.9908
1998.2000 83.8611 2.8139
2003.3000 84.6678 2.6133
2008.4000 84.5450 2.6353
2013.5000 83.9992 2.6821
2018.6000 84.6478 2.5216
2023.7000 83.8068 2.5969
2028.8000 83.8290 2.5720
2033.9000 84.2432 2.6453
2039.0000 84.1628 2.8305
2044.1000 83.6080 2.7582
2049.2000 83.2817 2.7854
2054.3000 83.1936 2.9345
2059.4000 83.1854 2.7819
2064.5000 83.1392 2.8148
2069.6000 84.1393 2.7030
2074.7000 84.2200 2.6066
2079.8000 84.1026 2.8019
2084.9000 84.3148 2.5789
2090.0000 84.6521 2.6787
2095.1000 85.0027 2.5192
2100.2000 84.5241 2.5516
2105.3000 85.1760 2.4860
2110.4000 84.8678 2.3976
2115.5000 84.7623 2.6088
2120.6000 84.6720 2.6163
2125.7000 84.9127 2.4359
2130.8000 85.4055 2.4364
2135.9000 85.3688 2.3727
2141.0000 85.1012 2.5669
2146.1000 85.3602 2.4235
2151.2000 85.5842 2.3653
2156.3000 86.1128 2.2624
2161.4000 85.0002 2.4350
2166.5000 85.8389 2.2580
2171.6000 86.1529 2.1213
2176.7000 85.6409 2.2274
2181.8000 85.6026 2.2431
2186.9000 85.6521 2.2740
2192.0000 86.0646 2.1995
2197.1000 85.9406 2.2288
2202.2000 85.9343 2.2530
2207.3000 85.8316 2.2396
2212.4000 86.3942 2.1396
2217.5000 85.5810 2.3270
2222.6000 84.7910 2.3777
2227.7000 84.2907 2.3837
2232.8000 84.3216 2.4994
2237.9000 84.1209 2.3928
2243.0000 84.2771 2.4859
2248.1000 84.9733 2.4765
2253.2000 85.9719 2.2231
2258.3000 86.0822 2.2711
2263.4000 86.2657 2.1627
2268.5000 86.2881 2.3719
2273.6000 86.2088 2.1356
2278.7000 86.0182 2.1041
2283.8000 85.9247 2.0383
2288.9000 86.0973 2.0816
2294.0000 85.6612 2.2252
2299.1000 85.5619 2.0701
2304.2000 85.7198 2.1780
2309.3000 85.1240 2.2020
2314.4000 85.3534 2.3585
2319.5000 85.5688 2.2639
2324.6000 86.0026 2.1852
2329.7000 85.9549 2.3543
2334.8000 85.5103 2.3829
2339.9000 86.0712 2.2074
2345.0000 86.2192 2.3174
2350.1000 85.2167 2.3896
2355.2000 86.7511 2.1116
2360.3000 85.8787 2.2250
2365.4000 85.5970 2.2756
2370.5000 85.8932 2.2247
2375.6000 85.4122 2.3604
2380.7000 86.3125 2.1322
2385.8000 85.6990 2.3989
2390.9000 84.9977 2.5042
2396.0000 85.8947 2.2016
2401.1000 86.1979 2.2715
2406.2000 85.7151 2.2925
2411.3000 85.3988 2.2591
2416.4000 85.8853 2.1735
2421.5000 86.4872 2.1452
2426.6000 85.6133 2.3251
2431.7000 85.1462 2.2574
2436.8000 84.3929 2.4242
2441.9000 85.5993 2.1601
2447.0000 84.9278 2.3907
2452.1000 85.4756 2.3258
2457.2000 85.7344 2.3617
2462.3000 85.1375 2.4479
2467.4000 85.0824 2.3289
2472.5000 85.0884 2.4785
2477.6000 84.9877 2.2902
2482.7000 84.9250 2.3443
2487.8000 84.5811 2.3538
2492.9000 83.8796 2.4580
2498.0000 84.3687 2.2599
2503.1000 83.6624 2.4338
2508.2000 83.7322 2.4649
2513.3000 83.3157 2.3990
2518.4000 83.3602 2.5980
2523.5000 83.6312 2.5319
2528.6000 83.5395 2.5760
2533.7000 83.3612 2.5363
2538.8000 82.9498 2.4420
2543.9000 82.9446 2.5028
2549.0000 82.9380 2.4644
2554.1000 82.9735 2.5296
2559.2000 83.7070 2.4743
2564.3000 83.9073 2.4315
2569.4000 83.1263 2.4556
2574.5000 83.9113 2.4326
2579.6000 84.3320 2.4375
2584.7000 83.3666 2.6099
2589.8000 84.1735 2.5649
2594.9000 85.4074 2.4062
2600.0000 85.8435 2.4010
2605.1000 85.3458 2.5187
2610.2000 84.1999 2.6320
2615.3000 84.4298 2.5371
2620.4000 83.4625 2.6660
2625.5000 84.9178 2.6033
2630.6000 84.6837 2.8146
2635.7000 84.2803 2.7257
2640.8000 83.7709 2.7649
2645.9000 84.7527 2.4365
2651.0000 84.5871 2.6244
2656.1000 85.3554 2.3452
2661.2000 84.6981 2.5023
2666.3000 84.2860 2.5636
2671.4000 84.3697 2.4765
2676.5000 84.4228 2.5539
2681.6000 83.6899 2.6419
2686.7000 83.9556 2.5663
2691.8000 84.3931 2.5489
2696.9000 84.2702 2.6773
2702.0000 84.6406 2.5736
2707.1000 84.6919 2.5369
2712.2000 84.5345 2.5808
2717.3000 85.2247 2.3707
2722.4000 83.5539 2.5467
2727.5000 85.1091 2.3788
2732.6000 84.0827 2.4361
2737.7000 84.7764 2.4573
2742.8000 84.9956 2.3967
2747.9000 85.7629 2.2830
2753.0000 85.7873 2.1714
2758.1000 86.3128 2.0487
2763.2000 86.1495 2.0301
2768.3000 85.6972 2.1304
2773.4000 85.4870 2.0713
2778.5000 86.4053 2.0071
2783.6000 86.9723 1.9672
2788.7000 85.5432 2.1310
2793.8000 85.2163 2.2955
2798.9000 86.7611 1.8956
2804.0000 86.2428 1.9355
2809.1000 86.3480 2.0264
2814.2000 86.3623 2.0608
2819.3000 85.4280 2.1271
2824.4000 86.0372 2.0670
2829.5000 86.2441 1.9907
2834.6000 86.4106 2.0606
2839.7000 87.1948 1.9187
2844.8000 87.3868 1.8565
2849.9000 86.8508 1.9140
2855.0000 86.0711 1.9658
2860.1000 86.5740 1.8768
2865.2000 86.6404 1.8695
2870.3000 86.8940 1.9526
2875.4000 87.4804 1.9711
2880.5000 87.7635 1.8496
2885.6000 87.6496 1.8414
2890.7000 87.3302 1.8834
2895.8000 87.1500 1.9760
2900.9000 86.2816 2.1835
2906.0000 86.7979 2.1057
2911.1000 86.6087 2.0053
2916.2000 86.0373 2.0375
2921.3000 86.1486 2.1238
2926.4000 85.9729 2.1768
2931.5000 85.6630 2.0822
2936.6000 85.5872 2.1503
2941.7000 85.8247 2.1474
2946.8000 85.5620 2.0953
2951.9000 85.9536 2.1202
2957.0000 85.1883 2.0972
2962.1000 85.8593 2.0241
2967.2000 85.6192 2.1102
2972.3000 85.7923 2.0154
2977.4000 85.8282 2.2030
2982.5000 85.8094 2.0419
2987.6000 85.7933 2.2865
2992.7000 86.5943 2.0268
2997.8000 85.3403 2.2109
3002.9000 85.3237 2.2536
3008.0000 85.2100 2.2238
3013.1000 85.6065 2.1899
3018.2000 85.7618 2.1759
3023.3000 85.0616 2.2179
3028.4000 85.3152 2.2082
3033.5000 84.6109 2.2686
3038.6000 86.2876 2.0055
3043.7000 86.5733 2.0247
3048.8000 86.2257 1.9270
3053.9000 86.0787 2.0695
3059.0000 86.1623 2.0750
3064.1000 85.9128 2.2022
3069.2000 85.3690 2.2601
3074.3000 85.2889 2.1753
3079.4000 84.4602 2.4691
3084.5000 85.9831 2.0386
3089.6000 86.4316 2.0783
3094.7000 86.4467 1.9811
3099.8000 87.3878 1.9192
3104.9000 86.8214 1.9898
3110.0000 86.1986 2.1629
3115.1000 85.6911 2.1221
3120.2000 86.5328 2.1312
3125.3000 86.5513 2.1162
3130.4000 86.1496 2.2062
3135.5000 86.7112 2.0819
3140.6000 86.0911 2.1453
3145.7000 86.8093 2.0896
3150.8000 85.9731 2.1719
3155.9000 85.5460 2.2034
3161.0000 85.9036 2.0413
3166.1000 85.1281 2.2040
3171.2000 85.6161 2.1449
3176.3000 85.0702 2.3227
3181.4000 85.3150 2.2688
3186.5000 85.2129 2.1954
3191.6000 84.3341 2.3223
3196.7000 85.6538 2.1834
3201.8000 85.1401 2.2604
3206.9000 85.3541 2.1160
3212.0000 85.1879 2.3024
3217.1000 85.2478 2.1789
3222.2000 85.4994 2.2595
3227.3000 86.0863 2.0163
3232.4000 86.1726 2.0332
3237.5000 85.2398 2.0945
3242.6000 84.9912 2.2012
3247.7000 85.1268 2.1600
3252.8000 85.3084 2.2171
3257.9000 83.9489 2.4173
3263.0000 84.4538 2.4007
3268.1000 84.9526 2.2532
3273.2000 85.3493 2.2194
3278.3000 85.9868 2.0621
3283.4000 85.4590 2.2438
3288.5000 85.8534 2.0963
3293.6000 85.2533 2.1878
3298.7000 85.3310 2.2334
3303.8000 84.7667 2.2649
3308.9000 84.9144 2.2137
3314.0000 85.0540 2.2266
3319.1000 85.0559 2.2855
3324.2000 84.6800 2.2679
3329.3000 85.1146 2.3528
3334.4000 85.0429 2.2603
3339.5000 85.0256 2.1712
3344.6000 85.0611 2.2021
3349.7000 86.0150 2.0739
3354.8000 85.6134 2.3574
3359.9000 86.1568 2.1451
3365.0000 85.5513 2.1527
3370.1000 84.1845 2.3077
3375.2000 84.7444 2.3508
3380.3000 84.5350 2.4002
3385.4000 84.8861 2.3377
3390.5000 84.3536 2.3382
3395.6000 85.2157 2.3610
3400.7000 85.2901 2.4196
3405.8000 84.5290 2.3853
3410.9000 83.7436 2.3974
3416.0000 85.4871 2.0576
3421.1000 84.2404 2.3886
3426.2000 84.3362 2.3521
3431.3000 85.0995 2.3565
3436.4000 85.0794 2.4389
3441.5000 84.6842 2.4396
3446.6000 84.8575 2.3629
3451.7000 85.7142 2.3486
3456.8000 85.6032 2.1820
3461.9000 85.9763 2.2253
3467.0000 85.1900 2.2605
3472.1000 85.6089 2.1924
3477.2000 84.5232 2.3179
3482.3000 84.4299 2.4841
3487.4000 85.2245 2.2775
3492.5000 84.7671 2.4561
3497.6000 85.8229 2.2383
3502.7000 85.4594 2.3821
3507.8000 84.9952 2.3478
3512.9000 84.6751 2.5670
3518.0000 84.8915 2.2631
3523.1000 85.2950 2.2238
3528.2000 85.1727 2.3029
3533.3000 85.1863 2.2821
3538.4000 84.6409 2.3027
3543.5000 84.5275 2.3105
3548.6000 85.3397 2.2646
3553.7000 85.1679 2.1502
3558.8000 85.1009 2.3203
3563.9000 84.8474 2.3472
3569.0000 84.6159 2.2899
3574.1000 84.4799 2.3584
3579.2000 84.6118 2.2879
3584.3000 84.6724 2.2879
3589.4000 84.1600 2.2349
3594.5000 83.8414 2.2879
3599.6000 83.8715 2.4875
