5.1000 0.0000 0.0000
10.2000 0.0000 0.0000
15.3000 0.0000 0.0000
20.3000 0.0000 0.0000
25.3000 0.0000 0.0000
30.3000 0.0000 0.0000
35.3000 0.0003 0.0000
40.3000 0.0003 0.0000
45.3000 0.0003 0.0000
50.3000 0.0003 0.0000
55.3000 0.0003 0.0000
60.3000 0.0008 0.0000
65.4000 0.0008 0.0000
70.5000 0.0008 0.0000
75.6000 0.0008 0.0000
80.7000 0.0008 0.0000
85.8000 0.0012 0.0000
90.9000 0.0012 0.0000
96.0000 0.0012 0.0000
101.1000 0.0012 0.0000
106.2000 0.0012 0.0000
111.3000 0.0012 0.0000
116.4000 0.0017 0.0000
121.5000 0.0017 0.0000
126.6000 0.0017 0.0000
131.7000 0.0017 0.0000
136.8000 0.0025 0.0000
141.9000 0.0050 0.0000
147.0000 0.0082 0.0000
152.1000 0.0122 0.0000
157.2000 0.0146 0.0001
162.3000 0.0170 0.0001
167.4000 0.0185 0.0001
172.5000 0.0194 0.0001
177.6000 0.0224 0.0001
182.7000 0.0249 0.0001
187.8000 0.0289 0.0001
192.9000 0.0313 0.0001
198.0000 0.0350 0.0001
203.1000 0.0433 0.0002
208.2000 0.0461 0.0002
213.3000 0.0551 0.0006
218.4000 0.0575 0.0006
223.5000 0.0621 0.0007
228.6000 0.0660 0.0007
233.7000 0.0740 0.0007
238.8000 0.0834 0.0008
243.9000 0.0949 0.0009
249.0000 0.1049 0.0009
254.1000 0.1108 0.0010
259.1000 0.1185 0.0011
264.1000 0.1301 0.0012
269.1000 0.1597 0.0055
274.1000 0.1739 0.0057
279.1000 0.1968 0.0063
284.1000 0.2105 0.0064
289.1000 0.2221 0.0066
294.1000 0.2498 0.0106
299.1000 0.2656 0.0109
304.1000 0.2955 0.0177
309.1000 0.3258 0.0256
314.1000 0.3393 0.0258
319.1000 0.3522 0.0260
324.1000 0.3664 0.0262
329.1000 0.3861 0.0313
334.1000 0.4001 0.0316
339.1000 0.4167 0.0318
344.1000 0.4349 0.0322
349.1000 0.4545 0.0324
354.1000 0.4749 0.0327
359.1000 0.4944 0.0331
364.1000 0.5116 0.0334
369.1000 0.5375 0.0339
374.1000 0.5570 0.0342
379.1000 0.5765 0.0344
384.1000 0.5914 0.0348
389.1000 0.6061 0.0350
394.1000 0.6288 0.0354
399.1000 0.6515 0.0359
404.1000 0.6747 0.0363
409.1000 0.7012 0.0369
414.1000 0.7196 0.0373
419.1000 0.7389 0.0377
424.1000 0.7568 0.0381
429.1000 0.7864 0.0397
434.1000 0.8246 0.0471
439.1000 0.8686 0.0655
444.1000 0.9125 0.0770
449.1000 0.9433 0.0859
454.1000 0.9910 0.0984
459.1000 1.0299 0.1127
464.1000 1.0645 0.1343
469.1000 1.0788 0.1347
474.1000 1.0960 0.1352
479.1000 1.1218 0.1493
484.1000 1.1367 0.1498
489.1000 1.1498 0.1501
494.1000 1.1731 0.1506
499.1000 1.1889 0.1510
504.1000 1.2036 0.1513
509.1000 1.2222 0.1518
514.1000 1.2421 0.1524
519.1000 1.2614 0.1529
524.1000 1.2771 0.1532
529.1000 1.2960 0.1536
534.1000 1.3243 0.1655
539.1000 1.3465 0.1660
544.1000 1.3807 0.1672
549.1000 1.4405 0.1766
554.1000 1.4721 0.1771
559.1000 1.5057 0.1778
564.1000 1.5358 0.1784
569.1000 1.5680 0.1789
574.1000 1.6172 0.1877
579.1000 1.6703 0.1916
584.1000 1.7379 0.2138
589.1000 1.8044 0.2467
594.1000 1.8636 0.2807
599.1000 1.9280 0.3232
604.1000 1.9713 0.3236
609.1000 2.0067 0.3240
614.1000 2.0453 0.3242
619.1000 2.0925 0.3245
624.1000 2.1519 0.3466
629.1000 2.1930 0.3470
634.1000 2.2291 0.3471
639.1000 2.2679 0.3474
644.1000 2.3117 0.3475
649.1000 2.3612 0.3480
654.1000 2.4055 0.3488
659.1000 2.4426 0.3488
664.1000 2.4733 0.3490
669.1000 2.5144 0.3492
674.1000 2.5425 0.3494
679.1000 2.5690 0.3498
684.1000 2.5940 0.3503
689.1000 2.6238 0.3506
694.1000 2.6433 0.3508
699.1000 2.6704 0.3514
704.1000 2.6976 0.3520
709.1000 2.7238 0.3524
714.1000 2.7485 0.3532
719.1000 2.7762 0.3538
724.1000 2.8011 0.3545
729.1000 2.8281 0.3550
734.1000 2.8588 0.3561
739.1000 2.8864 0.3568
744.1000 2.9200 0.3575
749.1000 2.9516 0.3586
754.1000 3.0136 0.3653
759.1000 3.0650 0.3781
764.1000 3.0997 0.3846
769.1000 3.1554 0.4030
774.1000 3.2164 0.4389
779.1000 3.2732 0.4803
784.1000 3.3070 0.4899
789.1000 3.3447 0.4964
794.1000 3.3796 0.4981
799.1000 3.4069 0.4852
804.1000 3.4454 0.4925
809.1000 3.4784 0.4928
814.1000 3.5012 0.4992
819.1000 3.5341 0.4954
824.1000 3.5855 0.4964
829.1000 3.6384 0.5073
834.1000 3.7086 0.5341
839.1000 3.7694 0.5663
844.1000 3.8352 0.6168
849.1000 3.8804 0.6403
854.1000 3.8990 0.6255
859.1000 3.9258 0.6254
864.1000 3.9483 0.6200
869.1000 3.9787 0.6291
874.1000 4.0082 0.6445
879.1000 4.0369 0.6451
884.1000 4.0585 0.6176
889.1000 4.0946 0.6190
894.1000 4.1279 0.6264
899.1000 4.1394 0.6165
904.1000 4.1748 0.6455
909.1000 4.1972 0.6474
914.1000 4.2256 0.6480
919.1000 4.2385 0.6296
924.1000 4.2765 0.6334
929.1000 4.3104 0.6301
934.1000 4.3640 0.6416
939.1000 4.3934 0.6426
944.1000 4.4240 0.6435
949.1000 4.4593 0.6496
954.1000 4.4934 0.6598
959.1000 4.5591 0.6925
964.1000 4.6210 0.7399
969.1000 4.6614 0.7551
974.1000 4.6972 0.7574
979.1000 4.7362 0.7582
984.1000 4.7902 0.7715
989.1000 4.8200 0.7517
994.1000 4.8611 0.7481
999.1000 4.9047 0.7635
1004.1000 4.9405 0.7655
1009.1000 4.9822 0.7681
1014.1000 5.0180 0.7530
1019.1000 5.0640 0.7567
1024.1000 5.1120 0.7510
1029.2000 5.1600 0.7522
1034.3000 5.2230 0.7507
1039.4000 5.2799 0.7491
1044.5000 5.3328 0.7477
1049.6000 5.3899 0.7459
1054.7000 5.4450 0.7442
1059.8000 5.4961 0.7433
1064.9000 5.5482 0.7417
1070.0000 5.5980 0.7399
1075.1000 5.6548 0.7376
1080.2000 5.7072 0.7359
1085.3000 5.7619 0.7341
1090.4000 5.8182 0.7319
1095.5000 5.8869 0.7302
1100.6000 5.9904 0.7591
1105.7000 6.0773 0.7839
1110.8000 6.1617 0.8286
1115.9000 6.2409 0.8618
1121.0000 6.3316 0.9115
1126.1000 6.4050 0.9443
1131.2000 6.4619 0.9407
1136.3000 6.5228 0.9707
1141.4000 6.5493 0.9169
1146.5000 6.6310 0.9370
1151.6000 6.7058 0.9712
1156.7000 6.7375 0.9582
1161.8000 6.7852 0.9582
1166.9000 6.8352 0.9689
1172.0000 6.8741 0.9549
1177.1000 6.9459 0.9801
1182.2000 7.0230 1.0208
1187.3000 7.0894 1.0598
1192.4000 7.1300 1.0607
1197.5000 7.1892 1.0820
1202.6000 7.2416 1.1010
1207.7000 7.2724 1.0964
1212.8000 7.3136 1.1147
1217.9000 7.3562 1.1188
1223.0000 7.3846 1.1076
1228.1000 7.4088 1.1089
1233.2000 7.4412 1.1092
1238.3000 7.4787 1.1095
1243.4000 7.5090 1.1098
1248.5000 7.5383 1.1106
1253.6000 7.5668 1.1109
1258.7000 7.5860 1.0977
1263.8000 7.6068 1.0898
1268.9000 7.6283 1.0831
1274.0000 7.6570 1.0849
1279.1000 7.6903 1.0954
1284.2000 7.7257 1.0934
1289.3000 7.7682 1.0983
1294.4000 7.8013 1.1017
1299.5000 7.8313 1.0863
1304.6000 7.8849 1.1011
1309.7000 7.9467 1.1203
1314.8000 8.0080 1.1343
1319.9000 8.0630 1.1335
1325.0000 8.1213 1.1359
1330.1000 8.1581 1.1114
1335.2000 8.2310 1.1163
1340.3000 8.2815 1.1118
1345.4000 8.3361 1.1148
1350.5000 8.3884 1.1163
1355.6000 8.4568 1.1219
1360.7000 8.5512 1.1689
1365.8000 8.6177 1.2020
1370.9000 8.6692 1.2074
1376.0000 8.7128 1.2016
1381.1000 8.7722 1.2100
1386.2000 8.8519 1.2582
1391.3000 8.9037 1.2692
1396.4000 8.9533 1.2658
1401.5000 9.0037 1.2654
1406.6000 9.0499 1.2697
1411.7000 9.0977 1.2738
1416.8000 9.1343 1.2529
1421.9000 9.1904 1.2882
1427.0000 9.2305 1.2912
1432.1000 9.2837 1.3187
1437.2000 9.3119 1.2877
1442.3000 9.3525 1.2804
1447.4000 9.3865 1.2643
1452.5000 9.4445 1.2834
1457.6000 9.4909 1.2699
1462.7000 9.5276 1.2434
1467.8000 9.5755 1.2510
1472.9000 9.6396 1.2541
1478.0000 9.6884 1.2652
1483.1000 9.7118 1.2395
1488.2000 9.7589 1.2321
1493.3000 9.8253 1.2544
1498.4000 9.8792 1.2381
1503.5000 9.9287 1.2328
1508.6000 9.9837 1.2451
1513.7000 10.0324 1.2470
1518.8000 10.0919 1.2565
1523.9000 10.1352 1.2512
1529.0000 10.1831 1.2568
1534.1000 10.2348 1.2565
1539.2000 10.2784 1.2424
1544.3000 10.3343 1.2560
1549.4000 10.3613 1.2335
1554.5000 10.4069 1.2324
1559.6000 10.4454 1.2321
1564.7000 10.5020 1.2525
1569.8000 10.5402 1.2403
1574.9000 10.5676 1.2265
1580.0000 10.6254 1.2436
1585.1000 10.6685 1.2474
1590.2000 10.7212 1.2449
1595.3000 10.7620 1.2290
1600.4000 10.7903 1.2181
1605.5000 10.8673 1.2578
1610.6000 10.8852 1.2103
1615.7000 10.9334 1.2327
1620.8000 10.9732 1.2273
1625.9000 11.0099 1.2326
1631.0000 11.0548 1.2387
1636.1000 11.0967 1.2497
1641.2000 11.1151 1.2259
1646.3000 11.1621 1.2334
1651.4000 11.2141 1.2515
1656.5000 11.2383 1.2021
1661.6000 11.2973 1.2279
1666.7000 11.3317 1.2181
1671.8000 11.3659 1.2134
1676.9000 11.4095 1.2095
1682.0000 11.4815 1.2484
1687.1000 11.5326 1.2501
1692.2000 11.5474 1.2076
1697.3000 11.6358 1.2563
1702.4000 11.6574 1.2232
1707.5000 11.7203 1.2432
1712.6000 11.7882 1.2486
1717.7000 11.8253 1.2083
1722.8000 11.8934 1.2231
1727.9000 11.9473 1.2237
1733.0000 12.0137 1.2394
1738.1000 12.0840 1.2541
1743.2000 12.1151 1.2112
1748.3000 12.1633 1.1926
1753.4000 12.2468 1.2285
1758.5000 12.2956 1.2300
1763.6000 12.3452 1.2062
1768.7000 12.3808 1.1876
1773.8000 12.4541 1.1976
1778.9000 12.5116 1.2226
1784.0000 12.5530 1.2166
1789.1000 12.5976 1.2153
1794.2000 12.6464 1.2183
1799.3000 12.6740 1.2075
1804.4000 12.7162 1.2049
1809.5000 12.7700 1.2107
1814.6000 12.8079 1.2101
1819.7000 12.8478 1.2075
1824.8000 12.8811 1.2081
1829.9000 12.9082 1.2069
1835.0000 12.9446 1.1987
1840.1000 12.9868 1.2090
1845.2000 13.0271 1.2091
1850.3000 13.0599 1.1964
1855.4000 13.1003 1.2091
1860.5000 13.1313 1.2121
1865.6000 13.1603 1.2105
1870.7000 13.1850 1.2002
1875.8000 13.2185 1.2049
1880.9000 13.2504 1.2070
1886.0000 13.2854 1.2127
1891.1000 13.3084 1.2115
1896.2000 13.3150 1.1864
1901.3000 13.3468 1.1961
1906.4000 13.3737 1.2038
1911.5000 13.3934 1.2064
1916.6000 13.4052 1.2018
1921.7000 13.4276 1.2019
1926.8000 13.4648 1.2288
1931.9000 13.4609 1.2028
1937.0000 13.4530 1.1759
1942.1000 13.4987 1.2186
1947.2000 13.5149 1.2214
1952.3000 13.5284 1.2243
1957.4000 13.5431 1.2226
1962.5000 13.5535 1.2188
1967.6000 13.5689 1.2222
1972.7000 13.5933 1.2400
1977.8000 13.6054 1.2310
1982.9000 13.6443 1.2642
1988.0000 13.6429 1.2348
1993.1000 13.6514 1.2237
1998.2000 13.6721 1.2267
2003.3000 13.6830 1.2214
2008.4000 13.7043 1.2261
2013.5000 13.7211 1.2332
2018.6000 13.7489 1.2397
2023.7000 13.7617 1.2215
2028.8000 13.8042 1.2495
2033.9000 13.8291 1.2568
2039.0000 13.8460 1.2414
2044.1000 13.8805 1.2331
2049.2000 13.9156 1.2275
2054.3000 13.9460 1.2263
2059.4000 14.0063 1.2669
2064.5000 14.0460 1.2581
2069.6000 14.0983 1.2607
2074.7000 14.1296 1.2231
2079.8000 14.1839 1.2345
2084.9000 14.2532 1.2561
2090.0000 14.2836 1.2284
2095.1000 14.3233 1.2185
2100.2000 14.3635 1.1974
2105.3000 14.4243 1.2308
2110.4000 14.4603 1.2239
2115.5000 14.4900 1.1962
2120.6000 14.5389 1.2065
2125.7000 14.5755 1.2014
2130.8000 14.6202 1.2051
2135.9000 14.6643 1.2161
2141.0000 14.6970 1.1987
2146.1000 14.7599 1.2236
2151.2000 14.8013 1.2097
2156.3000 14.8494 1.2118
2161.4000 14.8793 1.2116
2166.5000 14.9219 1.2113
2171.6000 14.9538 1.2166
2176.7000 14.9780 1.2076
2181.8000 15.0181 1.2072
2186.9000 15.0562 1.2082
2192.0000 15.0971 1.2111
2197.1000 15.1326 1.2157
2202.2000 15.1554 1.2111
2207.3000 15.1860 1.2154
2212.4000 15.2029 1.2084
2217.5000 15.2322 1.2119
2222.6000 15.2671 1.2143
2227.7000 15.2882 1.2018
2232.8000 15.3419 1.2325
2237.9000 15.3684 1.2325
2243.0000 15.3715 1.2010
2248.1000 15.4142 1.2272
2253.2000 15.4444 1.2197
2258.3000 15.4786 1.2216
2263.4000 15.5066 1.2116
2268.5000 15.5338 1.2124
2273.6000 15.5710 1.2265
2278.7000 15.5908 1.2072
2283.8000 15.6178 1.2082
2288.9000 15.6430 1.2028
2294.0000 15.6574 1.1779
2299.1000 15.7047 1.2022
2304.2000 15.7370 1.1985
2309.3000 15.7680 1.1984
2314.4000 15.8057 1.1986
2319.5000 15.8381 1.1973
2324.6000 15.8723 1.1980
2329.7000 15.9098 1.2061
2334.8000 15.9474 1.1761
2339.9000 15.9762 1.1550
2345.0000 16.0364 1.1772
2350.1000 16.0923 1.2009
2355.2000 16.1179 1.1809
2360.3000 16.1534 1.1577
2365.4000 16.2113 1.1621
2370.5000 16.2827 1.1901
2375.6000 16.3151 1.1689
2380.7000 16.3710 1.1874
2385.8000 16.4191 1.1909
2390.9000 16.4576 1.1879
2396.0000 16.4837 1.1681
2401.1000 16.5555 1.2181
2406.2000 16.5778 1.1797
2411.3000 16.6216 1.1769
2416.4000 16.6802 1.1917
2421.5000 16.7126 1.1914
2426.6000 16.7278 1.1627
2431.7000 16.7710 1.1721
2436.8000 16.8072 1.1595
2441.9000 16.8574 1.1676
2447.0000 16.9014 1.1740
2452.1000 16.9476 1.1777
2457.2000 16.9904 1.1708
2462.3000 17.0302 1.1814
2467.4000 17.0669 1.1775
2472.5000 17.1197 1.1930
2477.6000 17.1510 1.1834
2482.7000 17.1911 1.1897
2487.8000 17.2235 1.1707
2492.9000 17.2800 1.1898
2498.0000 17.3138 1.1835
2503.1000 17.3619 1.1825
2508.2000 17.4037 1.1783
2513.3000 17.4524 1.1820
2518.4000 17.5104 1.1853
2523.5000 17.5533 1.1796
2528.6000 17.6018 1.1756
2533.7000 17.6409 1.1579
2538.8000 17.7019 1.1810
2543.9000 17.7528 1.1919
2549.0000 17.7993 1.1926
2554.1000 17.8547 1.2120
2559.2000 17.8924 1.1996
2564.3000 17.9389 1.2113
2569.4000 17.9730 1.1952
2574.5000 18.0039 1.1902
2579.6000 18.0461 1.1805
2584.7000 18.1031 1.1792
2589.8000 18.1523 1.1824
2594.9000 18.2187 1.1994
2600.0000 18.2790 1.2162
2605.1000 18.3393 1.2348
2610.2000 18.3650 1.2060
2615.3000 18.4151 1.2248
2620.4000 18.4584 1.2297
2625.5000 18.5069 1.2344
2630.6000 18.5434 1.2195
2635.7000 18.5994 1.2373
2640.8000 18.6446 1.2405
2645.9000 18.6865 1.2327
2651.0000 18.7126 1.2134
2656.1000 18.7596 1.2177
2661.2000 18.8027 1.2147
2666.3000 18.8416 1.2067
2671.4000 18.8935 1.2190
2676.5000 18.9276 1.2128
2681.6000 18.9413 1.1885
2686.7000 18.9484 1.1610
2691.8000 18.9910 1.1791
2696.9000 19.0346 1.1977
2702.0000 19.0685 1.1934
2707.1000 19.1068 1.2014
2712.2000 19.1356 1.1910
2717.3000 19.1837 1.1963
2722.4000 19.2175 1.1938
2727.5000 19.2394 1.1708
2732.6000 19.2921 1.2049
2737.7000 19.3087 1.1599
2742.8000 19.3662 1.1856
2747.9000 19.4207 1.1973
2753.0000 19.4535 1.1922
2758.1000 19.5057 1.2044
2763.2000 19.5440 1.1892
2768.3000 19.5973 1.1984
2773.4000 19.6596 1.2276
2778.5000 19.6924 1.2144
2783.6000 19.7247 1.2049
2788.7000 19.7735 1.2085
2793.8000 19.8140 1.2197
2798.9000 19.8377 1.1899
2804.0000 19.8676 1.1891
2809.1000 19.8970 1.1863
2814.2000 19.9441 1.2072
2819.3000 19.9634 1.1860
2824.4000 19.9997 1.1883
2829.5000 20.0436 1.2073
2834.6000 20.0624 1.1949
2839.7000 20.0599 1.1590
2844.8000 20.0999 1.1809
2849.9000 20.1355 1.1919
2855.0000 20.1870 1.2196
2860.1000 20.2134 1.2073
2865.2000 20.2524 1.2224
2870.3000 20.2542 1.1910
2875.4000 20.2869 1.2030
2880.5000 20.3140 1.2034
2885.6000 20.3402 1.2068
2890.7000 20.3595 1.2066
2895.8000 20.3883 1.2043
2900.9000 20.4170 1.2028
2906.0000 20.4479 1.1971
2911.1000 20.4840 1.1943
2916.2000 20.5235 1.2112
2921.3000 20.5404 1.1951
2926.4000 20.5919 1.2220
2931.5000 20.6203 1.2108
2936.6000 20.6657 1.2441
2941.7000 20.6811 1.2127
2946.8000 20.7210 1.2085
2951.9000 20.7583 1.2075
2957.0000 20.8077 1.2170
2962.1000 20.8443 1.2037
2967.2000 20.8613 1.1629
2972.3000 20.8995 1.1580
2977.4000 20.9598 1.1735
2982.5000 20.9846 1.1548
2987.6000 21.0331 1.1836
2992.7000 21.0620 1.1797
2997.8000 21.0945 1.1776
3002.9000 21.1082 1.1547
3008.0000 21.1722 1.1961
3013.1000 21.2140 1.2105
3018.2000 21.2278 1.1946
3023.3000 21.2517 1.1920
3028.4000 21.2722 1.1894
3033.5000 21.3110 1.2011
3038.6000 21.3460 1.2032
3043.7000 21.3647 1.1882
3048.8000 21.3953 1.1860
3053.9000 21.4256 1.1821
3059.0000 21.4570 1.1818
3064.1000 21.4494 1.1396
3069.2000 21.5105 1.1842
3074.3000 21.5529 1.1941
3079.4000 21.5791 1.1897
3084.5000 21.6111 1.1952
3089.6000 21.6470 1.2086
3094.7000 21.6642 1.2088
3099.8000 21.6872 1.1949
3104.9000 21.7080 1.1903
3110.0000 21.7432 1.1966
3115.1000 21.7728 1.1961
3120.2000 21.8074 1.2098
3125.3000 21.8059 1.1645
3130.4000 21.8415 1.1797
3135.5000 21.9041 1.2419
3140.6000 21.9259 1.2330
3145.7000 21.9603 1.2457
3150.8000 21.9862 1.2357
3155.9000 22.0155 1.2381
3161.0000 22.0418 1.2432
3166.1000 22.0735 1.2457
3171.2000 22.1091 1.2628
3176.3000 22.1269 1.2470
3181.4000 22.1736 1.2652
3186.5000 22.1779 1.2380
3191.6000 22.2288 1.2547
3196.7000 22.2688 1.2588
3201.8000 22.3135 1.2746
3206.9000 22.3535 1.2766
3212.0000 22.3736 1.2591
3217.1000 22.4217 1.2712
3222.2000 22.4315 1.2301
3227.3000 22.4704 1.2429
3232.4000 22.5164 1.2580
3237.5000 22.5404 1.2456
3242.6000 22.5747 1.2451
3247.7000 22.6055 1.2480
3252.8000 22.6525 1.2532
3257.9000 22.6894 1.2446
3263.0000 22.7277 1.2450
3268.1000 22.7789 1.2478
3273.2000 22.8290 1.2571
3278.3000 22.8531 1.2520
3283.4000 22.8932 1.2582
3288.5000 22.9319 1.2620
3293.6000 22.9589 1.2621
3298.7000 22.9728 1.2404
3303.8000 22.9944 1.2326
3308.9000 23.0192 1.2290
3314.0000 23.0641 1.2488
3319.1000 23.0842 1.2353
3324.2000 23.1300 1.2671
3329.3000 23.1246 1.2297
3334.4000 23.1701 1.2633
3339.5000 23.1780 1.2458
3344.6000 23.2260 1.2712
3349.7000 23.2413 1.2549
3354.8000 23.2490 1.2320
3359.9000 23.2743 1.2338
3365.0000 23.3095 1.2504
3370.1000 23.3134 1.2302
3375.2000 23.3520 1.2473
3380.3000 23.3684 1.2342
3385.4000 23.4018 1.2366
3390.5000 23.4221 1.2352
3395.6000 23.4450 1.2326
3400.7000 23.4605 1.2189
3405.8000 23.5050 1.2399
3410.9000 23.5360 1.2367
3416.0000 23.5807 1.2472
3421.1000 23.6103 1.2357
3426.2000 23.6627 1.2546
3431.3000 23.6663 1.2191
3436.4000 23.7093 1.2329
3441.5000 23.7338 1.2212
3446.6000 23.7847 1.2455
3451.7000 23.8153 1.2407
3456.8000 23.8536 1.2457
3461.9000 23.8953 1.2500
3467.0000 23.9338 1.2452
3472.1000 23.9774 1.2511
3477.2000 24.0043 1.2370
3482.3000 24.0547 1.2480
3487.4000 24.0862 1.2491
3492.5000 24.1225 1.2490
3497.6000 24.1787 1.2794
3502.7000 24.2037 1.2708
3507.8000 24.2328 1.2683
3512.9000 24.2806 1.2818
3518.0000 24.3197 1.2827
3523.1000 24.3599 1.2872
3528.2000 24.3924 1.2813
3533.3000 24.4365 1.2881
3538.4000 24.4690 1.2939
3543.5000 24.5072 1.2952
3548.6000 24.5414 1.2961
3553.7000 24.5822 1.3068
3558.8000 24.6247 1.3215
3563.9000 24.6610 1.3248
3569.0000 24.6912 1.3266
3574.1000 24.7213 1.3283
3579.2000 24.7500 1.3270
3584.3000 24.7847 1.3349
3589.4000 24.8091 1.3298
3594.5000 24.8377 1.3369
3599.6000 24.8677 1.3374
