5.1000 0.0000 0.0000
10.2000 0.0000 0.0000
15.3000 0.0000 0.0000
20.3000 0.0000 0.0000
25.3000 0.0000 0.0000
30.3000 0.0000 0.0000
35.3000 0.2084 0.0437
40.3000 0.2084 0.0437
45.3000 0.2084 0.0437
50.3000 0.2084 0.0437
55.3000 0.2084 0.0437
60.3000 0.2896 0.0634
65.4000 0.2896 0.0634
70.5000 0.2896 0.0634
75.6000 0.2896 0.0634
80.7000 0.2896 0.0634
85.8000 0.4921 0.1119
90.9000 0.4921 0.1119
96.0000 0.4921 0.1119
101.1000 0.5327 0.1215
106.2000 0.5327 0.1215
111.3000 0.5327 0.1215
116.4000 0.8215 0.2438
121.5000 0.8620 0.2531
126.6000 0.9430 0.2717
131.7000 0.9430 0.2717
136.8000 0.9430 0.2717
141.9000 0.9430 0.2717
147.0000 1.2172 0.3478
152.1000 1.2172 0.3478
157.2000 1.2172 0.3478
162.3000 1.2172 0.3478
167.4000 1.2172 0.3478
172.5000 1.4353 0.4216
177.6000 1.4789 0.4319
182.7000 1.4789 0.4319
187.8000 1.4789 0.4319
192.9000 1.4789 0.4319
198.0000 1.4789 0.4319
203.1000 1.5136 0.4382
208.2000 1.5136 0.4382
213.3000 1.5713 0.4568
218.4000 1.6752 0.5071
223.5000 1.7098 0.5133
228.6000 1.7444 0.5365
233.7000 2.1294 0.6722
238.8000 2.1294 0.6722
243.9000 2.1294 0.6722
249.0000 2.1294 0.6722
254.1000 2.1294 0.6722
259.1000 2.1294 0.6722
264.1000 2.1294 0.6722
269.1000 2.3005 0.7534
274.1000 2.3005 0.7534
279.1000 2.3348 0.7590
284.1000 2.3348 0.7590
289.1000 2.3348 0.7590
294.1000 2.5325 0.8546
299.1000 2.5325 0.8546
304.1000 2.5325 0.8546
309.1000 2.5325 0.8546
314.1000 2.5325 0.8546
319.1000 2.5325 0.8546
324.1000 2.5909 0.8724
329.1000 2.5909 0.8724
334.1000 2.5909 0.8724
339.1000 2.5909 0.8724
344.1000 2.5909 0.8724
349.1000 2.6580 0.8826
354.1000 2.6580 0.8826
359.1000 2.6580 0.8826
364.1000 2.6580 0.8826
369.1000 2.6915 0.8877
374.1000 2.7250 0.9087
379.1000 2.8027 0.9466
384.1000 3.0234 0.9932
389.1000 3.0234 0.9932
394.1000 3.1737 1.0560
399.1000 3.1737 1.0560
404.1000 3.2321 1.0730
409.1000 3.5545 1.2260
414.1000 3.5545 1.2260
419.1000 3.6657 1.2558
424.1000 3.6657 1.2558
429.1000 3.6657 1.2558
434.1000 3.7148 1.2669
439.1000 3.7638 1.3040
444.1000 3.7638 1.3040
449.1000 3.7638 1.3040
454.1000 3.7638 1.3040
459.1000 3.8129 1.3149
464.1000 3.8600 1.3249
469.1000 4.0956 1.4274
474.1000 4.0956 1.4274
479.1000 4.0956 1.4274
484.1000 4.1447 1.4870
489.1000 4.1447 1.4870
494.1000 4.1447 1.4870
499.1000 4.2573 1.5378
504.1000 4.3815 1.6025
509.1000 4.4305 1.6128
514.1000 4.4305 1.6128
519.1000 4.4681 1.6181
524.1000 4.6328 1.7584
529.1000 4.6843 1.7698
534.1000 4.6843 1.7698
539.1000 4.6843 1.7698
544.1000 4.7358 1.8065
549.1000 4.7358 1.8065
554.1000 4.7358 1.8065
559.1000 4.9895 1.9311
564.1000 4.9895 1.9311
569.1000 4.9895 1.9311
574.1000 4.9895 1.9311
579.1000 4.9895 1.9311
584.1000 5.2169 2.0294
589.1000 5.2623 2.0373
594.1000 5.2623 2.0373
599.1000 5.2623 2.0373
604.1000 5.2623 2.0373
609.1000 5.3200 2.0515
614.1000 5.4354 2.0797
619.1000 5.4931 2.1343
624.1000 5.5046 2.1353
629.1000 5.5623 2.1493
634.1000 5.5623 2.1493
639.1000 5.5623 2.1493
644.1000 5.7027 2.2465
649.1000 5.6917 2.2306
654.1000 5.6917 2.2306
659.1000 5.6917 2.2306
664.1000 5.7853 2.2661
669.1000 5.8190 2.2691
674.1000 5.9875 2.3438
679.1000 5.9875 2.3438
684.1000 5.9875 2.3438
689.1000 5.9875 2.3438
694.1000 5.9875 2.3438
699.1000 6.0714 2.4039
704.1000 6.1553 2.4151
709.1000 6.1973 2.4621
714.1000 6.2393 2.4676
719.1000 6.2393 2.4676
724.1000 6.2393 2.4676
729.1000 6.2393 2.4676
734.1000 6.5004 2.5384
739.1000 6.5657 2.6023
744.1000 6.6310 2.6929
749.1000 6.6310 2.6929
754.1000 6.6310 2.6929
759.1000 6.8635 2.8438
764.1000 6.8635 2.8438
769.1000 6.8635 2.8438
774.1000 6.9217 2.8564
779.1000 6.9798 2.8978
784.1000 6.9798 2.8978
789.1000 7.1130 3.0313
794.1000 7.2018 3.0929
799.1000 7.2018 3.0929
804.1000 7.2018 3.0929
809.1000 7.2018 3.0929
814.1000 7.2018 3.0929
819.1000 7.2126 3.1081
824.1000 7.2570 3.1137
829.1000 7.1928 3.0576
834.1000 7.1928 3.0576
839.1000 7.1928 3.0576
844.1000 7.1928 3.0576
849.1000 7.2953 3.1575
854.1000 7.4684 3.2860
859.1000 7.5630 3.3438
864.1000 7.5630 3.3438
869.1000 7.6575 3.4232
874.1000 7.7088 3.4556
879.1000 7.7088 3.4556
884.1000 7.9283 3.5189
889.1000 7.9316 3.4956
894.1000 7.9316 3.4956
899.1000 7.9316 3.4956
904.1000 7.9316 3.4956
909.1000 7.9316 3.4956
914.1000 8.1323 3.6287
919.1000 8.1725 3.6319
924.1000 8.1725 3.6319
929.1000 8.1725 3.6319
934.1000 8.1725 3.6319
939.1000 8.1725 3.6319
944.1000 8.1725 3.6319
949.1000 8.3904 3.8250
954.1000 8.3904 3.8250
959.1000 8.3904 3.8250
964.1000 8.3904 3.8250
969.1000 8.3904 3.8250
974.1000 8.3904 3.8250
979.1000 8.6242 4.0182
984.1000 8.6242 4.0182
989.1000 8.6242 4.0182
994.1000 8.6242 4.0182
999.1000 8.6242 4.0182
1004.1000 8.5658 3.9414
1009.1000 8.6093 3.9079
1014.1000 8.6093 3.9079
1019.1000 8.6093 3.9079
1024.1000 8.6093 3.9079
1029.2000 8.6093 3.9079
1034.3000 8.6093 3.9079
1039.4000 8.8714 4.0091
1044.5000 8.8714 4.0091
1049.6000 8.8714 4.0091
1054.7000 8.9370 4.0236
1059.8000 8.9370 4.0236
1064.9000 9.0901 4.0934
1070.0000 9.1921 4.1065
1075.1000 9.2432 4.1408
1080.2000 9.2432 4.1408
1085.3000 9.3087 4.1549
1090.4000 9.3087 4.1549
1095.5000 9.6763 4.5088
1100.6000 9.6763 4.5088
1105.7000 9.6763 4.5088
1110.8000 9.6763 4.5088
1115.9000 9.6763 4.5088
1121.0000 9.7370 4.5194
1126.1000 9.9795 4.6773
1131.2000 9.9795 4.6773
1136.3000 9.9795 4.6773
1141.4000 10.0401 4.7124
1146.5000 10.0401 4.7124
1151.6000 10.0401 4.7124
1156.7000 10.3338 4.9342
1161.8000 10.3338 4.9342
1166.9000 10.2756 4.8941
1172.0000 10.2756 4.8941
1177.1000 10.2756 4.8941
1182.2000 10.2756 4.8941
1187.3000 10.3260 4.9599
1192.4000 10.3260 4.9599
1197.5000 10.3260 4.9599
1202.6000 10.3260 4.9599
1207.7000 10.3260 4.9599
1212.8000 10.3260 4.9599
1217.9000 10.4694 5.0180
1223.0000 10.6594 5.1970
1228.1000 10.6636 5.2028
1233.2000 10.6636 5.2028
1238.3000 10.8147 5.2641
1243.4000 10.8147 5.2641
1248.5000 10.8147 5.2641
1253.6000 11.1092 5.5124
1258.7000 11.1092 5.5124
1263.8000 11.1092 5.5124
1268.9000 11.1092 5.5124
1274.0000 11.1092 5.5124
1279.1000 11.1092 5.5124
1284.2000 11.2344 5.5398
1289.3000 11.2934 5.6178
1294.4000 11.3524 5.6256
1299.5000 11.3524 5.6256
1304.6000 11.3524 5.6256
1309.7000 11.3524 5.6256
1314.8000 11.6050 5.7620
1319.9000 11.6050 5.7620
1325.0000 11.6050 5.7620
1330.1000 11.6050 5.7620
1335.2000 11.6050 5.7620
1340.3000 11.6050 5.7620
1345.4000 11.6379 5.7914
1350.5000 11.7365 5.8529
1355.6000 11.7365 5.8529
1360.7000 11.7365 5.8529
1365.8000 11.7365 5.8529
1370.9000 11.7365 5.8529
1376.0000 11.7694 5.8518
1381.1000 11.9886 5.9227
1386.2000 11.9886 5.9227
1391.3000 11.9886 5.9227
1396.4000 11.9886 5.9227
1401.5000 11.9886 5.9227
1406.6000 11.9886 5.9227
1411.7000 12.2537 6.0973
1416.8000 12.3068 6.1014
1421.9000 12.3068 6.1014
1427.0000 12.3068 6.1014
1432.1000 12.3068 6.1014
1437.2000 12.2478 5.9802
1442.3000 12.3651 6.1128
1447.4000 12.3651 6.1128
1452.5000 12.4042 6.1510
1457.6000 12.4042 6.1510
1462.7000 12.4042 6.1510
1467.8000 12.3973 6.1408
1472.9000 12.3973 6.1408
1478.0000 12.3973 6.1408
1483.1000 12.3973 6.1408
1488.2000 12.3973 6.1408
1493.3000 12.3973 6.1408
1498.4000 12.5191 6.1692
1503.5000 12.5191 6.1692
1508.6000 12.5191 6.1692
1513.7000 12.5191 6.1692
1518.8000 12.6399 6.2931
1523.9000 12.6399 6.2931
1529.0000 12.8282 6.3093
1534.1000 12.9035 6.3792
1539.2000 12.9035 6.3792
1544.3000 12.9035 6.3792
1549.4000 12.9035 6.3792
1554.5000 12.9035 6.3792
1559.6000 12.9438 6.4046
1564.7000 13.1808 6.6189
1569.8000 13.1808 6.6189
1574.9000 13.1808 6.6189
1580.0000 13.1808 6.6189
1585.1000 13.1808 6.6189
1590.2000 13.3336 6.7639
1595.3000 13.3590 6.8028
1600.4000 13.3590 6.8028
1605.5000 13.3590 6.8028
1610.6000 13.3590 6.8028
1615.7000 13.3590 6.8028
1620.8000 13.5837 6.8744
1625.9000 13.5837 6.8744
1631.0000 13.6311 6.8752
1636.1000 13.6775 6.9050
1641.2000 13.6775 6.9050
1646.3000 13.7888 6.9962
1651.4000 13.9216 7.0360
1656.5000 13.9216 7.0360
1661.6000 13.9216 7.0360
1666.7000 13.9216 7.0360
1671.8000 13.9216 7.0360
1676.9000 13.9216 7.0360
1682.0000 14.0437 7.0165
1687.1000 14.0437 7.0165
1692.2000 14.1513 7.0521
1697.3000 14.1513 7.0521
1702.4000 14.1513 7.0521
1707.5000 14.3222 7.1762
1712.6000 14.3813 7.2076
1717.7000 14.3437 7.1650
1722.8000 14.3437 7.1650
1727.9000 14.3391 7.1598
1733.0000 14.3391 7.1598
1738.1000 14.3391 7.1598
1743.2000 14.4411 7.2562
1748.3000 14.4411 7.2562
1753.4000 14.4411 7.2562
1758.5000 14.4958 7.3183
1763.6000 14.4958 7.3183
1768.7000 14.4958 7.3183
1773.8000 14.6631 7.4028
1778.9000 14.6631 7.4028
1784.0000 14.6631 7.4028
1789.1000 14.6631 7.4028
1794.2000 14.6631 7.4028
1799.3000 14.6165 7.3524
1804.4000 14.7645 7.5052
1809.5000 14.7645 7.5052
1814.6000 14.7645 7.5052
1819.7000 14.7645 7.5052
1824.8000 14.7645 7.5052
1829.9000 14.9942 7.6024
1835.0000 14.9942 7.6024
1840.1000 14.9942 7.6024
1845.2000 14.9942 7.6024
1850.3000 14.9942 7.6024
1855.4000 15.0794 7.6850
1860.5000 15.0794 7.6850
1865.6000 15.1766 7.7451
1870.7000 15.1766 7.7451
1875.8000 15.1766 7.7451
1880.9000 15.2252 7.7999
1886.0000 15.2673 7.8427
1891.1000 15.2932 7.8162
1896.2000 15.2914 7.8228
1901.3000 15.2277 7.7477
1906.4000 15.2698 7.7917
1911.5000 15.3363 7.8130
1916.6000 15.2909 7.7703
1921.7000 15.2909 7.7703
1926.8000 15.2909 7.7703
1931.9000 15.2989 7.7692
1937.0000 15.3390 7.7667
1942.1000 15.5258 7.8664
1947.2000 15.5258 7.8664
1952.3000 15.5258 7.8664
1957.4000 15.5258 7.8664
1962.5000 15.5258 7.8664
1967.6000 15.5258 7.8664
1972.7000 15.5721 7.8901
1977.8000 15.6185 7.9214
1982.9000 15.6649 7.9543
1988.0000 15.6649 7.9543
1993.1000 15.7112 7.9748
1998.2000 15.7657 8.0120
2003.3000 15.7657 8.0120
2008.4000 15.7657 8.0120
2013.5000 15.8602 8.0323
2018.6000 15.8602 8.0323
2023.7000 15.9071 8.0721
2028.8000 15.9535 8.1352
2033.9000 16.0540 8.2251
2039.0000 16.1009 8.2607
2044.1000 16.1478 8.2590
2049.2000 16.1478 8.2590
2054.3000 16.2135 8.3495
2059.4000 16.3135 8.4587
2064.5000 16.4135 8.5857
2069.6000 16.4135 8.5857
2074.7000 16.4135 8.5857
2079.8000 16.4135 8.5857
2084.9000 16.3441 8.5101
2090.0000 16.3929 8.5365
2095.1000 16.3929 8.5365
2100.2000 16.4417 8.5856
2105.3000 16.4417 8.5856
2110.4000 16.4905 8.6048
2115.5000 16.4341 8.5311
2120.6000 16.5993 8.6208
2125.7000 16.5993 8.6208
2130.8000 16.6037 8.6270
2135.9000 16.6037 8.6270
2141.0000 16.6037 8.6270
2146.1000 16.6615 8.6695
2151.2000 16.7118 8.6682
2156.3000 16.7118 8.6682
2161.4000 16.7118 8.6682
2166.5000 16.7118 8.6682
2171.6000 16.7118 8.6682
2176.7000 16.8660 8.7530
2181.8000 16.9147 8.7510
2186.9000 16.9147 8.7510
2192.0000 16.9147 8.7510
2197.1000 16.9147 8.7510
2202.2000 17.1989 8.8830
2207.3000 17.1989 8.8830
2212.4000 17.1989 8.8830
2217.5000 17.1989 8.8830
2222.6000 17.1989 8.8830
2227.7000 17.1989 8.8830
2232.8000 17.3522 8.9646
2237.9000 17.3103 8.9224
2243.0000 17.3486 8.9433
2248.1000 17.3486 8.9433
2253.2000 17.3486 8.9433
2258.3000 17.3486 8.9433
2263.4000 17.4834 9.0587
2268.5000 17.4834 9.0587
2273.6000 17.4834 9.0587
2278.7000 17.6071 9.1147
2283.8000 17.6071 9.1147
2288.9000 17.8065 9.2539
2294.0000 17.8065 9.2539
2299.1000 17.8065 9.2539
2304.2000 17.8065 9.2539
2309.3000 17.8065 9.2539
2314.4000 17.8703 9.2559
2319.5000 17.8703 9.2559
2324.6000 17.9481 9.2734
2329.7000 17.9869 9.3149
2334.8000 18.0256 9.3461
2339.9000 18.0256 9.3461
2345.0000 18.0256 9.3461
2350.1000 18.0256 9.3461
2355.2000 18.1164 9.4255
2360.3000 18.0583 9.3667
2365.4000 18.0583 9.3667
2370.5000 18.1152 9.4043
2375.6000 18.1290 9.4210
2380.7000 18.1913 9.4395
2385.8000 18.2344 9.4646
2390.9000 18.2344 9.4646
2396.0000 18.2344 9.4646
2401.1000 18.2344 9.4646
2406.2000 18.2344 9.4646
2411.3000 18.2862 9.5070
2416.4000 18.2862 9.5070
2421.5000 18.2862 9.5070
2426.6000 18.4577 9.6068
2431.7000 18.5165 9.5827
2436.8000 18.5165 9.5827
2441.9000 18.5356 9.6008
2447.0000 18.5435 9.5465
2452.1000 18.5208 9.5172
2457.2000 18.5208 9.5172
2462.3000 18.5617 9.5414
2467.4000 18.6753 9.6212
2472.5000 18.7056 9.6193
2477.6000 18.7056 9.6193
2482.7000 18.7056 9.6193
2487.8000 18.7056 9.6193
2492.9000 18.8159 9.7498
2498.0000 18.8855 9.7924
2503.1000 18.8855 9.7924
2508.2000 18.8855 9.7924
2513.3000 18.8855 9.7924
2518.4000 18.8855 9.7924
2523.5000 18.9400 9.8518
2528.6000 18.9400 9.8518
2533.7000 18.9400 9.8518
2538.8000 18.9400 9.8518
2543.9000 19.0069 9.9302
2549.0000 19.0069 9.9302
2554.1000 19.0069 9.9302
2559.2000 19.1815 10.0832
2564.3000 19.1815 10.0832
2569.4000 19.1815 10.0832
2574.5000 19.1815 10.0832
2579.6000 19.1815 10.0832
2584.7000 19.3340 10.2562
2589.8000 19.3830 10.3036
2594.9000 19.3830 10.3036
2600.0000 19.3983 10.3226
2605.1000 19.3946 10.3187
2610.2000 19.4491 10.3156
2615.3000 19.4491 10.3156
2620.4000 19.5581 10.3984
2625.5000 19.5927 10.4327
2630.6000 19.5061 10.3680
2635.7000 19.5061 10.3680
2640.8000 19.5606 10.4277
2645.9000 19.5606 10.4277
2651.0000 19.5845 10.4281
2656.1000 19.5845 10.4281
2661.2000 19.5209 10.3789
2666.3000 19.5209 10.3789
2671.4000 19.5209 10.3789
2676.5000 19.5209 10.3789
2681.6000 19.7444 10.5695
2686.7000 19.7444 10.5695
2691.8000 19.7444 10.5695
2696.9000 19.6944 10.5230
2702.0000 19.7545 10.5826
2707.1000 19.7545 10.5826
2712.2000 19.7892 10.6089
2717.3000 19.9218 10.7065
2722.4000 19.9218 10.7065
2727.5000 19.9697 10.7013
2732.6000 19.9697 10.7013
2737.7000 19.9697 10.7013
2742.8000 19.9697 10.7013
2747.9000 20.0615 10.8117
2753.0000 20.1004 10.8545
2758.1000 20.1004 10.8545
2763.2000 20.1004 10.8545
2768.3000 20.1004 10.8545
2773.4000 20.1004 10.8545
2778.5000 20.1004 10.8545
2783.6000 20.2210 10.9327
2788.7000 20.2210 10.9327
2793.8000 20.2312 10.9292
2798.9000 20.2312 10.9292
2804.0000 20.2312 10.9292
2809.1000 20.2312 10.9292
2814.2000 20.3133 10.9901
2819.3000 20.3390 11.0223
2824.4000 20.3390 11.0223
2829.5000 20.3989 11.0839
2834.6000 20.4589 11.1146
2839.7000 20.4589 11.1146
2844.8000 20.5849 11.2112
2849.9000 20.5849 11.2112
2855.0000 20.6270 11.2046
2860.1000 20.6270 11.2046
2865.2000 20.6690 11.2226
2870.3000 20.6620 11.2137
2875.4000 20.6683 11.2218
2880.5000 20.6683 11.2218
2885.6000 20.6683 11.2218
2890.7000 20.6683 11.2218
2895.8000 20.6683 11.2218
2900.9000 20.6771 11.2343
2906.0000 20.6771 11.2343
2911.1000 20.6261 11.2027
2916.2000 20.6261 11.2027
2921.3000 20.7386 11.2947
2926.4000 20.7386 11.2947
2931.5000 20.7309 11.2827
2936.6000 20.9197 11.3511
2941.7000 21.0091 11.4473
2946.8000 21.0091 11.4473
2951.9000 21.0091 11.4473
2957.0000 21.1388 11.4742
2962.1000 21.1814 11.5202
2967.2000 21.1814 11.5202
2972.3000 21.2239 11.5599
2977.4000 21.2239 11.5599
2982.5000 21.2094 11.5370
2987.6000 21.2972 11.6085
2992.7000 21.3055 11.6190
2997.8000 21.4434 11.7776
3002.9000 21.5083 11.8221
3008.0000 21.4195 11.7604
3013.1000 21.5364 11.8170
3018.2000 21.5364 11.8170
3023.3000 21.5488 11.8064
3028.4000 21.5488 11.8064
3033.5000 21.6034 11.8368
3038.6000 21.6563 11.8948
3043.7000 21.6563 11.8948
3048.8000 21.7519 11.9863
3053.9000 21.7590 11.9968
3059.0000 21.8135 12.0623
3064.1000 21.8135 12.0623
3069.2000 21.8135 12.0623
3074.3000 21.9152 12.1205
3079.4000 21.9416 12.1562
3084.5000 21.9416 12.1562
3089.6000 21.9416 12.1562
3094.7000 22.0433 12.2196
3099.8000 22.0535 12.2157
3104.9000 22.1361 12.2377
3110.0000 22.1462 12.2360
3115.1000 22.1382 12.2270
3120.2000 22.1382 12.2270
3125.3000 22.1382 12.2270
3130.4000 22.1384 12.2272
3135.5000 22.2331 12.2957
3140.6000 22.1786 12.2585
3145.7000 22.1786 12.2585
3150.8000 22.1347 12.2154
3155.9000 22.1286 12.2072
3161.0000 22.1286 12.2072
3166.1000 22.1286 12.2072
3171.2000 22.0854 12.1682
3176.3000 21.9999 12.0858
3181.4000 21.9999 12.0858
3186.5000 21.9999 12.0858
3191.6000 22.0571 12.1001
3196.7000 22.0571 12.1001
3201.8000 22.0479 12.0869
3206.9000 22.0479 12.0869
3212.0000 22.0883 12.1375
3217.1000 22.0883 12.1375
3222.2000 22.2428 12.2047
3227.3000 22.2925 12.2481
3232.4000 22.2925 12.2481
3237.5000 22.2925 12.2481
3242.6000 22.2925 12.2481
3247.7000 22.2925 12.2481
3252.8000 22.3278 12.2909
3257.9000 22.3278 12.2909
3263.0000 22.3278 12.2909
3268.1000 22.3278 12.2909
3273.2000 22.3921 12.3207
3278.3000 22.4386 12.3492
3283.4000 22.4386 12.3492
3288.5000 22.5125 12.4222
3293.6000 22.5122 12.4218
3298.7000 22.5122 12.4218
3303.8000 22.5122 12.4218
3308.9000 22.5122 12.4218
3314.0000 22.6713 12.4638
3319.1000 22.6742 12.4677
3324.2000 22.6742 12.4677
3329.3000 22.6742 12.4677
3334.4000 22.6742 12.4677
3339.5000 22.6180 12.4018
3344.6000 22.6591 12.4449
3349.7000 22.6591 12.4449
3354.8000 22.6591 12.4449
3359.9000 22.6172 12.3938
3365.0000 22.6172 12.3938
3370.1000 22.6036 12.4124
3375.2000 22.8051 12.5528
3380.3000 22.8051 12.5528
3385.4000 22.8051 12.5528
3390.5000 22.8051 12.5528
3395.6000 22.8051 12.5528
3400.7000 22.8059 12.5285
3405.8000 22.8434 12.5729
3410.9000 22.8153 12.5359
3416.0000 22.8153 12.5359
3421.1000 22.8153 12.5359
3426.2000 22.8854 12.5779
3431.3000 22.8854 12.5779
3436.4000 22.8854 12.5779
3441.5000 22.8854 12.5779
3446.6000 22.8854 12.5779
3451.7000 22.8854 12.5779
3456.8000 22.9320 12.6376
3461.9000 22.9971 12.7083
3467.0000 22.9634 12.6648
3472.1000 22.9634 12.6648
3477.2000 22.9634 12.6648
3482.3000 22.9634 12.6648
3487.4000 22.9452 12.6262
3492.5000 22.9419 12.6412
3497.6000 22.9419 12.6412
3502.7000 22.9761 12.6772
3507.8000 22.9761 12.6772
3512.9000 22.9761 12.6772
3518.0000 23.1988 12.8319
3523.1000 23.2609 12.8266
3528.2000 23.2761 12.8408
3533.3000 23.2761 12.8408
3538.4000 23.2761 12.8408
3543.5000 23.2761 12.8408
3548.6000 23.4199 12.9622
3553.7000 23.3718 12.9103
3558.8000 23.3725 12.9110
3563.9000 23.3725 12.9110
3569.0000 23.3725 12.9110
3574.1000 23.3725 12.9110
3579.2000 23.3169 12.8335
3584.3000 23.3388 12.8502
3589.4000 23.3388 12.8502
3594.5000 23.3388 12.8502
3599.6000 23.3388 12.8502
