5.1000 0.0000 0.0000
10.2000 0.0000 0.0000
15.3000 0.0000 0.0000
20.3000 0.0000 0.0000
25.3000 0.0000 0.0000
30.3000 0.0000 0.0000
35.3000 0.1751 0.0368
40.3000 0.1751 0.0368
45.3000 0.1751 0.0368
50.3000 0.1751 0.0368
55.3000 0.1751 0.0368
60.3000 0.3798 0.0864
65.4000 0.3798 0.0864
70.5000 0.3798 0.0864
75.6000 0.3798 0.0864
80.7000 0.3798 0.0864
85.8000 0.5838 0.1348
90.9000 0.5838 0.1348
96.0000 0.5838 0.1348
101.1000 0.5838 0.1348
106.2000 0.5838 0.1348
111.3000 0.5838 0.1348
116.4000 0.8750 0.2331
121.5000 0.8750 0.2331
126.6000 0.8750 0.2331
131.7000 0.8750 0.2331
136.8000 0.8750 0.2331
141.9000 0.8750 0.2331
147.0000 1.0713 0.3590
152.1000 1.0713 0.3590
157.2000 1.0713 0.3590
162.3000 1.0713 0.3590
167.4000 1.0713 0.3590
172.5000 1.4663 0.4446
177.6000 1.4663 0.4446
182.7000 1.4663 0.4446
187.8000 1.4663 0.4446
192.9000 1.4663 0.4446
198.0000 1.4663 0.4446
203.1000 1.6408 0.4761
208.2000 1.6408 0.4761
213.3000 1.8159 0.5071
218.4000 1.8159 0.5071
223.5000 1.8159 0.5071
228.6000 1.8159 0.5071
233.7000 2.1394 0.6209
238.8000 2.1394 0.6209
243.9000 2.1394 0.6209
249.0000 2.1394 0.6209
254.1000 2.1394 0.6209
259.1000 2.1394 0.6209
264.1000 2.1394 0.6209
269.1000 2.3119 0.7222
274.1000 2.3119 0.7222
279.1000 2.3119 0.7222
284.1000 2.3119 0.7222
289.1000 2.3119 0.7222
294.1000 2.5073 0.7589
299.1000 2.5073 0.7589
304.1000 2.5073 0.7589
309.1000 2.5073 0.7589
314.1000 2.6824 0.7869
319.1000 2.6824 0.7869
324.1000 2.9768 0.8751
329.1000 2.9768 0.8751
334.1000 2.9768 0.8751
339.1000 2.9768 0.8751
344.1000 2.9768 0.8751
349.1000 3.1458 0.8994
354.1000 3.1458 0.8994
359.1000 3.1458 0.8994
364.1000 3.1458 0.8994
369.1000 3.1458 0.8994
374.1000 3.1458 0.8994
379.1000 3.3684 0.9448
384.1000 3.7388 1.0845
389.1000 3.7388 1.0845
394.1000 3.7388 1.0845
399.1000 3.7388 1.0845
404.1000 3.9614 1.1273
409.1000 4.6727 1.2715
414.1000 4.6727 1.2715
419.1000 4.6727 1.2715
424.1000 4.6727 1.2715
429.1000 4.6727 1.2715
434.1000 4.9199 1.3218
439.1000 4.9199 1.3218
444.1000 4.9199 1.3218
449.1000 5.0925 1.4956
454.1000 5.0925 1.4956
459.1000 5.2676 1.5145
464.1000 5.5052 1.5572
469.1000 5.5052 1.5572
474.1000 5.5052 1.5572
479.1000 5.5052 1.5572
484.1000 5.5052 1.5572
489.1000 5.5052 1.5572
494.1000 5.5052 1.5572
499.1000 5.6945 1.5794
504.1000 6.0731 1.7550
509.1000 6.0731 1.7550
514.1000 6.4708 1.8021
519.1000 6.6459 1.8162
524.1000 7.5731 1.9457
529.1000 7.5731 1.9457
534.1000 7.7482 2.0492
539.1000 8.3161 2.1900
544.1000 8.5387 2.2124
549.1000 8.7280 2.2231
554.1000 9.3957 2.4858
559.1000 10.0541 2.6346
564.1000 10.4327 2.7457
569.1000 10.6922 3.0311
574.1000 10.6922 3.0311
579.1000 11.1268 3.2220
584.1000 12.6062 3.4195
589.1000 12.9848 3.6133
594.1000 13.1741 3.7091
599.1000 13.1741 3.7091
604.1000 13.8086 4.1637
609.1000 14.2887 4.3078
614.1000 14.2887 4.3078
619.1000 14.8589 4.3478
624.1000 14.8589 4.3478
629.1000 15.4661 4.5994
634.1000 15.9008 4.8403
639.1000 16.2686 5.1669
644.1000 17.1057 5.4622
649.1000 17.7771 5.5147
654.1000 17.9996 5.7537
659.1000 18.1747 5.7274
664.1000 19.9663 6.5345
669.1000 21.5019 7.4920
674.1000 22.4007 7.4684
679.1000 22.5900 7.6366
684.1000 23.0019 7.6541
689.1000 23.7102 7.9071
694.1000 24.4899 8.2186
699.1000 26.4563 8.9383
704.1000 27.1516 9.1227
709.1000 27.3742 9.0613
714.1000 28.0456 9.4763
719.1000 28.6300 9.4856
724.1000 29.1811 9.4937
729.1000 29.1811 9.4937
734.1000 29.7234 9.3603
739.1000 30.5532 9.4353
744.1000 31.1943 9.3083
749.1000 31.6431 9.5118
754.1000 32.6991 9.7669
759.1000 33.6972 9.8624
764.1000 34.3913 10.2044
769.1000 34.3746 10.1422
774.1000 34.6505 10.3503
779.1000 35.3925 10.5443
784.1000 35.6520 10.7001
789.1000 36.1723 11.0087
794.1000 37.0796 11.1165
799.1000 37.5987 11.4092
804.1000 38.3702 11.1514
809.1000 38.5595 11.1511
814.1000 39.4826 11.3709
819.1000 39.9136 11.3462
824.1000 40.4719 11.4023
829.1000 40.6269 11.5575
834.1000 41.0997 11.3077
839.1000 41.9297 11.3770
844.1000 42.0881 11.3960
849.1000 42.0881 11.3960
854.1000 42.1170 11.4195
859.1000 43.2385 11.2534
864.1000 43.6470 11.2723
869.1000 44.0175 11.1952
874.1000 44.4260 11.2077
879.1000 44.4260 11.2077
884.1000 44.6369 11.0711
889.1000 44.6605 11.0877
894.1000 44.6605 11.0877
899.1000 44.6975 11.1131
904.1000 45.1239 10.8401
909.1000 45.0923 10.8160
914.1000 45.3512 10.5174
919.1000 45.5713 10.6150
924.1000 45.7846 10.4752
929.1000 45.9775 10.4220
934.1000 46.5358 10.2819
939.1000 46.7048 10.4209
944.1000 46.9001 10.5285
949.1000 48.1584 10.8696
954.1000 48.3253 10.5829
959.1000 48.9618 10.6062
964.1000 48.7671 10.5131
969.1000 49.2256 10.7061
974.1000 49.7627 10.4609
979.1000 50.1431 10.2479
984.1000 50.1752 10.2691
989.1000 50.5494 10.1747
994.1000 50.0537 9.9985
999.1000 50.9537 9.9993
1004.1000 51.6623 10.1677
1009.1000 52.0032 10.3554
1014.1000 51.7848 10.3318
1019.1000 52.4502 10.3255
1024.1000 52.6634 10.1564
1029.2000 52.6205 9.7624
1034.3000 53.0843 9.8630
1039.4000 53.0183 9.7326
1044.5000 53.0408 9.7179
1049.6000 53.1031 9.7969
1054.7000 53.2100 9.7890
1059.8000 53.8825 9.6080
1064.9000 54.3298 9.3418
1070.0000 55.3547 8.7930
1075.1000 55.8213 8.6856
1080.2000 55.7559 8.6472
1085.3000 55.7836 8.5317
1090.4000 56.2347 8.3823
1095.5000 56.5382 8.4897
1100.6000 56.5465 8.2775
1105.7000 56.7346 8.3086
1110.8000 57.3134 8.2966
1115.9000 57.3442 8.3126
1121.0000 57.8299 8.1919
1126.1000 57.8276 8.0187
1131.2000 58.1622 8.0892
1136.3000 58.3873 8.1987
1141.4000 58.5469 8.2744
1146.5000 58.9472 7.9943
1151.6000 59.7133 7.6753
1156.7000 60.5805 7.4263
1161.8000 60.4865 7.4435
1166.9000 61.3858 7.6513
1172.0000 61.7721 7.3687
1177.1000 62.1393 7.2362
1182.2000 62.1369 7.2354
1187.3000 62.9091 6.9822
1192.4000 62.8699 6.8469
1197.5000 62.7628 6.7055
1202.6000 63.0387 6.8917
1207.7000 63.2496 6.8081
1212.8000 63.9896 6.6603
1217.9000 63.5171 6.6829
1223.0000 64.5233 6.5325
1228.1000 64.8886 6.4069
1233.2000 64.8835 6.4577
1238.3000 64.9395 6.4285
1243.4000 64.6442 6.4986
1248.5000 65.1268 6.3772
1253.6000 65.3948 6.3255
1258.7000 65.7923 6.3825
1263.8000 66.0482 6.3997
1268.9000 66.1708 6.3814
1274.0000 66.7917 6.4433
1279.1000 66.8954 6.4812
1284.2000 66.9223 6.5834
1289.3000 67.9724 6.1227
1294.4000 68.8227 5.8920
1299.5000 69.6314 5.7113
1304.6000 69.7942 5.1599
1309.7000 70.1909 5.2148
1314.8000 71.2557 4.9464
1319.9000 71.5890 4.6585
1325.0000 72.3218 4.1635
1330.1000 72.5377 4.1304
1335.2000 72.5716 4.1382
1340.3000 72.7818 3.9925
1345.4000 72.4447 3.8795
1350.5000 73.0746 3.8087
1355.6000 73.1882 3.8038
1360.7000 72.6884 3.7050
1365.8000 73.6169 3.8095
1370.9000 73.8231 3.7782
1376.0000 74.0890 3.7472
1381.1000 73.8470 3.6927
1386.2000 73.9690 3.6343
1391.3000 73.6188 3.6210
1396.4000 74.4232 3.6358
1401.5000 74.2036 3.6240
1406.6000 74.2585 3.5873
1411.7000 74.4565 3.4539
1416.8000 74.1726 3.4776
1421.9000 74.5652 3.4839
1427.0000 74.9119 3.4093
1432.1000 76.3160 3.3682
1437.2000 76.6265 3.3189
1442.3000 76.5313 3.3330
1447.4000 76.7438 3.2801
1452.5000 76.4851 3.2393
1457.6000 76.5803 3.1981
1462.7000 76.4148 3.2171
1467.8000 76.5206 3.1184
1472.9000 77.0602 3.0649
1478.0000 78.0019 2.9605
1483.1000 78.1900 3.0187
1488.2000 78.6106 2.8893
1493.3000 79.0633 2.8637
1498.4000 79.1360 2.8729
1503.5000 78.9762 2.9216
1508.6000 79.6394 2.7211
1513.7000 79.1478 2.7436
1518.8000 79.0643 2.8390
1523.9000 79.9444 2.3112
1529.0000 79.4164 2.4133
1534.1000 79.8680 2.2513
1539.2000 79.9172 2.1968
1544.3000 79.2571 2.3491
1549.4000 79.3583 2.2330
1554.5000 79.5975 2.2012
1559.6000 79.2811 2.2077
1564.7000 79.0794 2.3105
1569.8000 78.7213 2.2893
1574.9000 78.9442 2.2393
1580.0000 77.9591 2.3557
1585.1000 78.7792 2.2163
1590.2000 78.6436 2.3216
1595.3000 79.0192 2.2216
1600.4000 79.7624 2.0254
1605.5000 79.6029 2.1603
1610.6000 80.3604 1.7895
1615.7000 80.3297 1.8975
1620.8000 80.7719 1.9169
1625.9000 80.5910 1.8966
1631.0000 80.4387 1.9304
1636.1000 80.0558 2.0054
1641.2000 80.2776 1.7565
1646.3000 79.8613 1.9276
1651.4000 79.9223 1.9053
1656.5000 80.0748 1.7435
1661.6000 79.5900 1.7440
1666.7000 80.1819 1.6662
1671.8000 80.1972 1.6772
1676.9000 79.6535 1.6637
1682.0000 79.8034 1.6393
1687.1000 79.7835 1.5798
1692.2000 80.2101 1.5209
1697.3000 79.3645 1.6166
1702.4000 79.8279 1.5724
1707.5000 79.5628 1.7009
1712.6000 80.0673 1.6572
1717.7000 80.5712 1.6422
1722.8000 80.4008 1.6820
1727.9000 79.9710 1.7541
1733.0000 80.4747 1.6525
1738.1000 80.7810 1.5569
1743.2000 81.1585 1.4733
1748.3000 81.6861 1.4572
1753.4000 81.3817 1.4199
1758.5000 81.1969 1.3611
1763.6000 80.7730 1.3384
1768.7000 80.9681 1.2100
1773.8000 81.0276 1.1056
1778.9000 81.3641 1.1292
1784.0000 81.5173 1.1698
1789.1000 81.0981 1.1152
1794.2000 80.9924 1.0730
1799.3000 81.0827 1.1622
1804.4000 80.9474 1.1764
1809.5000 80.9292 1.1763
1814.6000 80.9873 1.1954
1819.7000 81.1993 1.1797
1824.8000 80.8143 1.3257
1829.9000 81.1002 1.2151
1835.0000 81.5913 1.2852
1840.1000 81.6654 1.2242
1845.2000 81.3623 1.1933
1850.3000 80.3209 1.4539
1855.4000 81.4047 1.1827
1860.5000 81.6764 1.1553
1865.6000 81.4754 1.1889
1870.7000 81.3875 1.2834
1875.8000 81.8844 1.1831
1880.9000 82.8950 0.9990
1886.0000 82.9449 0.9965
1891.1000 82.6356 1.0861
1896.2000 82.0941 1.2369
1901.3000 81.9034 1.2802
1906.4000 82.3089 1.1047
1911.5000 82.1222 1.1642
1916.6000 82.1706 1.0950
1921.7000 82.9899 0.9557
1926.8000 82.4067 1.1281
1931.9000 82.6684 1.0100
1937.0000 82.8680 0.9497
1942.1000 82.3879 1.0757
1947.2000 82.2303 1.0994
1952.3000 82.2914 1.1339
1957.4000 82.6048 1.0946
1962.5000 82.5467 0.9517
1967.6000 82.5268 1.0651
1972.7000 83.0397 0.9235
1977.8000 82.8871 1.0450
1982.9000 83.2565 0.9556
1988.0000 83.1357 0.9328
1993.1000 82.6390 0.9613
1998.2000 83.1952 0.8763
2003.3000 82.9725 0.9420
2008.4000 83.1182 0.9350
2013.5000 83.0724 0.9249
2018.6000 82.8814 0.9453
2023.7000 83.1801 0.9279
2028.8000 82.7915 0.9830
2033.9000 82.5718 0.9176
2039.0000 82.2968 1.0315
2044.1000 82.0451 1.1416
2049.2000 82.2363 1.2201
2054.3000 82.5508 1.0981
2059.4000 83.2959 0.8805
2064.5000 82.9871 0.9456
2069.6000 83.1979 0.9037
2074.7000 83.6143 0.8765
2079.8000 83.5735 0.9380
2084.9000 83.7577 0.9245
2090.0000 83.8312 1.0255
2095.1000 83.0016 1.0724
2100.2000 83.7040 0.9315
2105.3000 83.4061 1.0209
2110.4000 83.2832 1.0281
2115.5000 83.2508 1.0804
2120.6000 83.5255 1.0377
2125.7000 83.6837 1.0143
2130.8000 83.6942 1.0917
2135.9000 84.2928 1.0056
2141.0000 84.2275 1.1327
2146.1000 84.4587 1.0397
2151.2000 84.6389 1.0303
2156.3000 85.2496 0.9379
2161.4000 84.5151 1.0583
2166.5000 84.0149 1.1623
2171.6000 85.1490 0.9129
2176.7000 84.5185 0.9126
2181.8000 84.1567 0.9959
2186.9000 84.5600 0.9418
2192.0000 84.3874 0.9864
2197.1000 84.3655 1.0063
2202.2000 84.1796 1.1592
2207.3000 84.2639 1.0971
2212.4000 84.1267 1.0491
2217.5000 83.9996 1.1466
2222.6000 84.4021 1.0917
2227.7000 84.1154 1.1115
2232.8000 84.1884 1.1816
2237.9000 83.8918 1.1042
2243.0000 83.1016 1.2154
2248.1000 83.1641 1.1653
2253.2000 83.0118 1.1384
2258.3000 83.8561 0.9946
2263.4000 83.6498 0.9751
2268.5000 83.6225 0.8943
2273.6000 82.6574 1.0668
2278.7000 82.9146 0.8817
2283.8000 82.8540 0.9116
2288.9000 83.0295 0.8486
2294.0000 83.2115 0.8714
2299.1000 83.6605 0.8713
2304.2000 83.6647 0.9005
2309.3000 84.2384 0.8452
2314.4000 83.6130 1.0495
2319.5000 84.2403 0.9071
2324.6000 84.5065 0.9054
2329.7000 84.0596 0.9746
2334.8000 83.7554 1.0624
2339.9000 83.6527 0.9826
2345.0000 83.6154 0.8887
2350.1000 84.3803 0.7817
2355.2000 83.6588 0.9179
2360.3000 84.7284 0.7584
2365.4000 84.5988 0.7979
2370.5000 84.1702 1.0005
2375.6000 84.1225 0.9304
2380.7000 84.2969 0.9356
2385.8000 84.3050 0.7923
2390.9000 83.9769 0.8737
2396.0000 84.8010 0.9751
2401.1000 84.7995 0.9466
2406.2000 85.1904 1.0375
2411.3000 85.5616 0.7905
2416.4000 84.5029 0.9057
2421.5000 85.0576 0.7872
2426.6000 84.3224 0.9224
2431.7000 84.3081 0.9004
2436.8000 84.5085 0.8912
2441.9000 84.1323 0.9393
2447.0000 84.2844 0.9009
2452.1000 84.4902 0.9190
2457.2000 84.6973 0.8174
2462.3000 84.6950 0.7974
2467.4000 84.6462 0.7901
2472.5000 84.2202 0.9118
2477.6000 84.5107 0.8676
2482.7000 84.4033 0.9689
2487.8000 84.4157 0.8637
2492.9000 84.8037 0.8005
2498.0000 84.7195 0.8323
2503.1000 84.4616 0.8874
2508.2000 84.4197 0.9576
2513.3000 84.7176 0.7693
2518.4000 84.4202 0.8378
2523.5000 84.0006 0.8367
2528.6000 83.2105 0.9727
2533.7000 83.9377 0.8423
2538.8000 83.8161 0.7364
2543.9000 83.7748 0.8169
2549.0000 84.1821 0.7510
2554.1000 84.7108 0.7003
2559.2000 84.2065 0.7107
2564.3000 84.6700 0.6822
2569.4000 84.4021 0.7043
2574.5000 83.6270 1.0227
2579.6000 84.0056 0.9587
2584.7000 84.6071 0.8106
2589.8000 85.0502 0.6608
2594.9000 84.8133 0.8053
2600.0000 84.8409 0.7392
2605.1000 84.8488 0.7544
2610.2000 84.5156 1.0049
2615.3000 85.2043 0.7115
2620.4000 85.9377 0.6354
2625.5000 85.5059 0.7175
2630.6000 85.5105 0.7281
2635.7000 85.4159 0.7477
2640.8000 85.0223 0.7993
2645.9000 85.4535 0.6318
2651.0000 84.9995 0.7598
2656.1000 85.3505 0.7414
2661.2000 85.9920 0.6414
2666.3000 85.6015 0.7356
2671.4000 85.4857 0.8739
2676.5000 84.4783 1.1736
2681.6000 85.0312 0.8842
2686.7000 85.0257 0.8901
2691.8000 84.6929 0.8615
2696.9000 84.7853 0.8232
2702.0000 84.7957 0.9289
2707.1000 86.1789 0.6440
2712.2000 86.0812 0.6748
2717.3000 85.6462 0.6835
2722.4000 85.8424 0.5618
2727.5000 85.4788 0.6659
2732.6000 85.0920 0.8169
2737.7000 85.6924 0.5770
2742.8000 85.8700 0.5755
2747.9000 85.8732 0.6018
2753.0000 85.9670 0.5272
2758.1000 85.6477 0.6768
2763.2000 86.0379 0.5513
2768.3000 86.2005 0.5666
2773.4000 86.0656 0.6520
2778.5000 86.4165 0.6625
2783.6000 86.3286 0.6991
2788.7000 86.5843 0.5962
2793.8000 86.8277 0.5505
2798.9000 86.4312 0.5990
2804.0000 86.1290 0.8517
2809.1000 86.4764 0.7567
2814.2000 85.1391 1.0929
2819.3000 84.2780 1.1738
2824.4000 85.4128 0.8968
2829.5000 84.6980 1.1279
2834.6000 84.9484 0.9550
2839.7000 85.1645 0.8167
2844.8000 85.6116 0.7280
2849.9000 84.9665 0.8352
2855.0000 85.9979 0.6451
2860.1000 84.6286 1.0090
2865.2000 85.0301 0.9003
2870.3000 85.6927 0.6919
2875.4000 85.7746 0.6720
2880.5000 84.6210 0.8298
2885.6000 85.1853 0.7437
2890.7000 85.0149 0.7385
2895.8000 83.4292 1.2876
2900.9000 84.2946 0.7897
2906.0000 84.3919 0.8409
2911.1000 84.8858 0.6421
2916.2000 84.7315 0.6151
2921.3000 85.1638 0.5198
2926.4000 85.1497 0.5095
2931.5000 85.3277 0.5324
2936.6000 85.0746 0.7389
2941.7000 85.2738 0.6651
2946.8000 85.5814 0.7974
2951.9000 85.4812 0.7001
2957.0000 85.8937 0.7578
2962.1000 85.8628 0.7271
2967.2000 85.9636 0.7901
2972.3000 86.1656 0.6758
2977.4000 86.6071 0.6102
2982.5000 86.0476 0.8124
2987.6000 86.0866 0.8861
2992.7000 86.9352 0.5412
2997.8000 86.2814 0.7968
3002.9000 85.4518 0.8884
3008.0000 84.8694 1.0180
3013.1000 85.2025 0.7743
3018.2000 85.0123 0.7179
3023.3000 85.6357 0.6672
3028.4000 85.6643 0.6150
3033.5000 85.3421 0.8492
3038.6000 85.3246 0.9013
3043.7000 85.9527 0.6284
3048.8000 85.6709 0.7544
3053.9000 85.8182 0.6641
3059.0000 84.8210 0.9621
3064.1000 85.6644 0.6912
3069.2000 84.6716 0.9001
3074.3000 84.1290 0.8041
3079.4000 84.5721 0.8271
3084.5000 83.6094 0.9819
3089.6000 83.8336 1.0361
3094.7000 84.5956 0.8593
3099.8000 83.8084 1.0573
3104.9000 83.3752 1.2433
3110.0000 84.1048 0.9034
3115.1000 83.8416 1.0612
3120.2000 84.0361 0.9346
3125.3000 83.7405 1.0343
3130.4000 83.5601 1.0461
3135.5000 84.0238 0.9730
3140.6000 83.9326 1.1019
3145.7000 83.9264 1.0960
3150.8000 83.5286 1.2179
3155.9000 83.7936 1.0541
3161.0000 84.4742 1.1229
3166.1000 84.2560 1.2126
3171.2000 83.4609 1.3107
3176.3000 83.6335 1.1227
3181.4000 84.0592 1.1077
3186.5000 84.7861 0.8534
3191.6000 84.1235 0.9605
3196.7000 84.4417 0.9378
3201.8000 84.4505 0.9572
3206.9000 85.7500 0.5637
3212.0000 85.0961 0.6367
3217.1000 84.6412 0.7799
3222.2000 85.5267 0.5853
3227.3000 85.4168 0.6807
3232.4000 85.8043 0.6850
3237.5000 84.7843 0.9302
3242.6000 84.9490 0.7713
3247.7000 85.0001 0.6896
3252.8000 85.5171 0.6977
3257.9000 84.9858 0.7645
3263.0000 84.5455 0.8636
3268.1000 85.4107 0.5592
3273.2000 84.7055 0.7500
3278.3000 83.9905 0.8325
3283.4000 84.5278 0.6754
3288.5000 84.6194 0.7542
3293.6000 84.2283 0.7583
3298.7000 83.6455 0.9408
3303.8000 84.4076 0.7923
3308.9000 84.1404 0.9514
3314.0000 84.0295 1.0767
3319.1000 84.3009 0.9218
3324.2000 84.6949 0.8829
3329.3000 85.0200 0.8647
3334.4000 86.0517 0.6444
3339.5000 86.2390 0.6512
3344.6000 85.7724 0.7614
3349.7000 85.6088 0.7314
3354.8000 84.9232 0.8071
3359.9000 84.7682 0.8145
3365.0000 84.8037 0.8045
3370.1000 85.3362 0.8816
3375.2000 85.7666 0.8433
3380.3000 85.9561 0.8941
3385.4000 85.5526 0.9662
3390.5000 86.0360 0.8687
3395.6000 85.3897 1.1265
3400.7000 84.6719 1.2131
3405.8000 84.7417 1.2205
3410.9000 84.0617 1.3102
3416.0000 84.9932 1.0638
3421.1000 84.9420 1.2320
3426.2000 84.0274 1.1761
3431.3000 84.3813 1.0163
3436.4000 84.5260 1.0625
3441.5000 84.3449 1.0208
3446.6000 84.4824 1.0464
3451.7000 84.8521 0.9982
3456.8000 85.0211 0.9518
3461.9000 85.0462 0.9705
3467.0000 85.1143 1.0500
3472.1000 85.6830 0.9508
3477.2000 86.1789 0.7980
3482.3000 85.6160 0.7279
3487.4000 85.6641 0.7484
3492.5000 85.9798 0.7882
3497.6000 85.7844 0.8239
3502.7000 86.9078 0.5786
3507.8000 85.5538 0.8361
3512.9000 86.3836 0.6559
3518.0000 86.7326 0.6199
3523.1000 86.6725 0.4988
3528.2000 85.8634 0.6744
3533.3000 86.8630 0.4833
3538.4000 86.3899 0.6112
3543.5000 86.3356 0.5550
3548.6000 86.4787 0.6267
3553.7000 86.6029 0.5903
3558.8000 86.5545 0.5518
3563.9000 87.3409 0.4507
3569.0000 87.3558 0.4427
3574.1000 86.7137 0.5263
3579.2000 86.9446 0.5117
3584.3000 86.1342 0.6763
3589.4000 86.8514 0.4046
3594.5000 85.8747 0.7386
3599.6000 86.6377 0.4942
