5.1000 0.0000 0.0000
10.2000 0.0000 0.0000
15.3000 0.0000 0.0000
20.3000 0.0000 0.0000
25.3000 0.0000 0.0000
30.3000 0.0000 0.0000
35.3000 0.0009 0.0000
40.3000 0.0035 0.0000
45.3000 0.0078 0.0000
50.3000 0.0086 0.0000
55.3000 0.0138 0.0000
60.3000 0.0267 0.0001
65.4000 0.0408 0.0001
70.5000 0.0495 0.0001
75.6000 0.0538 0.0001
80.7000 0.0577 0.0001
85.8000 0.0675 0.0001
90.9000 0.0767 0.0002
96.0000 0.0865 0.0002
101.1000 0.0948 0.0002
106.2000 0.1046 0.0003
111.3000 0.1216 0.0003
116.4000 0.1463 0.0010
121.5000 0.1523 0.0010
126.6000 0.1844 0.0020
131.7000 0.2154 0.0046
136.8000 0.2213 0.0046
141.9000 0.2244 0.0046
147.0000 0.2332 0.0047
152.1000 0.2415 0.0047
157.2000 0.2557 0.0047
162.3000 0.2635 0.0048
167.4000 0.2766 0.0048
172.5000 0.3461 0.0163
177.6000 0.3656 0.0164
182.7000 0.4001 0.0166
187.8000 0.4206 0.0167
192.9000 0.4477 0.0168
198.0000 0.4778 0.0168
203.1000 0.4967 0.0169
208.2000 0.5448 0.0215
213.3000 0.5589 0.0215
218.4000 0.6483 0.0356
223.5000 0.6639 0.0356
228.6000 0.6706 0.0356
233.7000 0.6818 0.0356
238.8000 0.7067 0.0427
243.9000 0.7185 0.0428
249.0000 0.7368 0.0428
254.1000 0.7466 0.0428
259.1000 0.7610 0.0428
264.1000 0.7724 0.0429
269.1000 0.7905 0.0429
274.1000 0.8025 0.0430
279.1000 0.8320 0.0429
284.1000 0.8713 0.0514
289.1000 0.9645 0.0659
294.1000 0.9784 0.0660
299.1000 0.9859 0.0659
304.1000 1.0123 0.0660
309.1000 1.0230 0.0660
314.1000 1.0275 0.0661
319.1000 1.0376 0.0661
324.1000 1.0440 0.0661
329.1000 1.0804 0.0773
334.1000 1.0935 0.0774
339.1000 1.1017 0.0774
344.1000 1.1096 0.0775
349.1000 1.1156 0.0776
354.1000 1.1554 0.0979
359.1000 1.1837 0.0981
364.1000 1.2785 0.1123
369.1000 1.2878 0.1122
374.1000 1.3021 0.1123
379.1000 1.3311 0.1124
384.1000 1.3637 0.1125
389.1000 1.3763 0.1126
394.1000 1.3876 0.1126
399.1000 1.4214 0.1179
404.1000 1.6013 0.2194
409.1000 1.6390 0.2285
414.1000 1.6467 0.2284
419.1000 1.6792 0.2286
424.1000 1.7089 0.2288
429.1000 1.7764 0.2428
434.1000 1.8203 0.2602
439.1000 1.8498 0.2605
444.1000 1.9288 0.2887
449.1000 2.0011 0.2894
454.1000 2.0471 0.2898
459.1000 2.0774 0.2900
464.1000 2.0935 0.2900
469.1000 2.1117 0.2900
474.1000 2.1296 0.2900
479.1000 2.1764 0.3192
484.1000 2.2142 0.3194
489.1000 2.2414 0.3193
494.1000 2.2612 0.3195
499.1000 2.2787 0.3195
504.1000 2.2965 0.3196
509.1000 2.3079 0.3197
514.1000 2.3245 0.3196
519.1000 2.3281 0.3197
524.1000 2.3331 0.3197
529.1000 2.3432 0.3196
534.1000 2.3568 0.3195
539.1000 2.3620 0.3195
544.1000 2.3794 0.3193
549.1000 2.3858 0.3192
554.1000 2.4016 0.3189
559.1000 2.4077 0.3188
564.1000 2.4199 0.3184
569.1000 2.4267 0.3182
574.1000 2.4311 0.3182
579.1000 2.4380 0.3181
584.1000 2.4518 0.3182
589.1000 2.4582 0.3182
594.1000 2.4850 0.3172
599.1000 2.5113 0.3164
604.1000 2.5227 0.3163
609.1000 2.5438 0.3159
614.1000 2.5798 0.3149
619.1000 2.6160 0.3151
624.1000 2.6357 0.3150
629.1000 2.6861 0.3140
634.1000 2.7037 0.3138
639.1000 2.7768 0.3111
644.1000 2.8307 0.3096
649.1000 2.8662 0.3089
654.1000 2.8954 0.3083
659.1000 2.9349 0.3073
664.1000 3.1075 0.4390
669.1000 3.1411 0.4380
674.1000 3.2797 0.5659
679.1000 3.3085 0.5650
684.1000 3.3489 0.5641
689.1000 3.3669 0.5637
694.1000 3.4084 0.5632
699.1000 3.4599 0.5634
704.1000 3.5126 0.5627
709.1000 3.5653 0.5622
714.1000 3.9060 0.8505
719.1000 3.9376 0.8500
724.1000 3.9887 0.8947
729.1000 4.0301 0.8940
734.1000 4.0810 0.8933
739.1000 4.0995 0.8930
744.1000 4.1328 0.8927
749.1000 4.1610 0.8917
754.1000 4.1859 0.8911
759.1000 4.2076 0.8902
764.1000 4.2510 0.8891
769.1000 4.3006 0.8873
774.1000 4.3314 0.8859
779.1000 4.3853 0.8839
784.1000 4.4429 0.8819
789.1000 4.4848 0.8803
794.1000 4.5166 0.8791
799.1000 4.5645 0.8776
804.1000 4.6082 0.8765
809.1000 4.6744 0.8749
814.1000 4.7537 0.8723
819.1000 4.8239 0.8701
824.1000 4.8728 0.8689
829.1000 4.9265 0.8674
834.1000 4.9769 0.8667
839.1000 5.0122 0.8664
844.1000 5.0509 0.8657
849.1000 5.0876 0.8653
854.1000 5.1329 0.8640
859.1000 5.1503 0.8633
864.1000 5.1562 0.8632
869.1000 5.1848 0.8625
874.1000 5.2134 0.8615
879.1000 5.2347 0.8611
884.1000 5.2543 0.8605
889.1000 5.2840 0.8597
894.1000 5.3103 0.8593
899.1000 5.3247 0.8589
904.1000 5.3460 0.8579
909.1000 5.3616 0.8573
914.1000 5.3745 0.8569
919.1000 5.4006 0.8559
924.1000 5.6772 1.0976
929.1000 5.6807 1.0975
934.1000 5.6849 1.0973
939.1000 5.7033 1.0966
944.1000 5.7822 1.2075
949.1000 5.7869 1.2074
954.1000 5.8182 1.2060
959.1000 5.8215 1.2059
964.1000 5.8304 1.2057
969.1000 5.8511 1.2050
974.1000 5.8651 1.2047
979.1000 5.8892 1.2038
984.1000 5.9542 1.2013
989.1000 5.9687 1.2007
994.1000 6.0009 1.1995
999.1000 6.0402 1.1982
1004.1000 6.0463 1.1980
1009.1000 6.0884 1.1966
1014.1000 6.1499 1.1944
1019.1000 6.1825 1.1931
1024.1000 6.2033 1.1924
1029.2000 6.2450 1.1912
1034.3000 6.2868 1.1898
1039.4000 6.3382 1.1885
1044.5000 6.3448 1.0990
1049.6000 6.4044 1.1190
1054.7000 6.4537 1.1310
1059.8000 6.4694 1.1106
1064.9000 6.5482 1.1409
1070.0000 6.5712 1.1290
1075.1000 6.6165 1.1315
1080.2000 6.6735 1.1739
1085.3000 6.7512 1.2078
1090.4000 6.9225 1.4039
1095.5000 6.9092 1.3421
1100.6000 7.0250 1.4311
1105.7000 7.0895 1.4287
1110.8000 7.1045 1.3654
1115.9000 7.2551 1.5361
1121.0000 7.3113 1.5483
1126.1000 7.3534 1.5478
1131.2000 7.3791 1.5285
1136.3000 7.3821 1.4936
1141.4000 7.4233 1.4927
1146.5000 7.4632 1.4770
1151.6000 7.5128 1.4754
1156.7000 7.5674 1.4756
1161.8000 7.6080 1.4926
1166.9000 7.6574 1.5237
1172.0000 7.6931 1.5317
1177.1000 7.6735 1.4651
1182.2000 7.7333 1.5015
1187.3000 7.8058 1.5616
1192.4000 7.8203 1.5509
1197.5000 7.8258 1.5220
1202.6000 7.8370 1.4993
1207.7000 7.8537 1.4872
1212.8000 7.9279 1.5504
1217.9000 7.9539 1.5294
1223.0000 7.9826 1.5347
1228.1000 8.0356 1.5678
1233.2000 8.0513 1.5596
1238.3000 8.0783 1.5836
1243.4000 8.1010 1.5912
1248.5000 8.1071 1.5613
1253.6000 8.1432 1.5687
1258.7000 8.1360 1.5413
1263.8000 8.1919 1.5934
1268.9000 8.1903 1.5425
1274.0000 8.2145 1.5397
1279.1000 8.2073 1.4934
1284.2000 8.2328 1.4982
1289.3000 8.2808 1.5126
1294.4000 8.3185 1.5008
1299.5000 8.3945 1.5833
1304.6000 8.3790 1.5304
1309.7000 8.3988 1.5091
1314.8000 8.4583 1.5313
1319.9000 8.4983 1.5406
1325.0000 8.5007 1.4945
1330.1000 8.5221 1.4883
1335.2000 8.5629 1.4991
1340.3000 8.6002 1.5245
1345.4000 8.6170 1.4964
1350.5000 8.6333 1.4812
1355.6000 8.6829 1.5296
1360.7000 8.7019 1.5295
1365.8000 8.7126 1.4815
1370.9000 8.7511 1.5045
1376.0000 8.7627 1.5005
1381.1000 8.8004 1.5057
1386.2000 8.8316 1.5058
1391.3000 8.8380 1.5057
1396.4000 8.8637 1.4975
1401.5000 8.8704 1.4636
1406.6000 8.9049 1.4931
1411.7000 8.9408 1.5091
1416.8000 8.9392 1.4960
1421.9000 8.9622 1.4961
1427.0000 8.9943 1.5080
1432.1000 9.0046 1.5023
1437.2000 9.0100 1.5025
1442.3000 9.0301 1.5128
1447.4000 9.0275 1.4978
1452.5000 9.0554 1.5125
1457.6000 9.0734 1.5128
1462.7000 9.0837 1.4970
1467.8000 9.0939 1.4780
1472.9000 9.1311 1.4903
1478.0000 9.1153 1.4407
1483.1000 9.2004 1.5320
1488.2000 9.2302 1.5313
1493.3000 9.2573 1.5308
1498.4000 9.2958 1.5470
1503.5000 9.2709 1.4709
1508.6000 9.3333 1.4774
1513.7000 9.3623 1.4516
1518.8000 9.4352 1.5472
1523.9000 9.4448 1.4995
1529.0000 9.4580 1.4752
1534.1000 9.4915 1.4630
1539.2000 9.6074 1.5748
1544.3000 9.5846 1.4433
1549.4000 9.6993 1.5156
1554.5000 9.8030 1.4646
1559.6000 9.9142 1.5367
1564.7000 10.0568 1.6293
1569.8000 10.0984 1.5717
1574.9000 10.1707 1.6158
1580.0000 10.1947 1.5573
1585.1000 10.2221 1.4949
1590.2000 10.2645 1.4935
1595.3000 10.2895 1.4795
1600.4000 10.3137 1.4775
1605.5000 10.3679 1.4949
1610.6000 10.4208 1.5098
1615.7000 10.3735 1.4024
1620.8000 10.4567 1.4853
1625.9000 10.5097 1.4783
1631.0000 10.5769 1.5086
1636.1000 10.5787 1.4524
1641.2000 10.6595 1.4645
1646.3000 10.7856 1.5508
1651.4000 10.8150 1.5309
1656.5000 10.8386 1.5041
1661.6000 10.8564 1.4766
1666.7000 10.9308 1.5163
1671.8000 10.9862 1.5108
1676.9000 11.0175 1.5141
1682.0000 11.0562 1.5145
1687.1000 11.0993 1.5201
1692.2000 11.1806 1.5975
1697.3000 11.1839 1.5975
1702.4000 11.1965 1.5976
1707.5000 11.2304 1.5978
1712.6000 11.2465 1.5979
1717.7000 11.2653 1.5981
1722.8000 11.2830 1.5983
1727.9000 11.2946 1.5984
1733.0000 11.3122 1.6054
1738.1000 11.3335 1.6050
1743.2000 11.3451 1.6052
1748.3000 11.3586 1.6054
1753.4000 11.3820 1.6056
1758.5000 11.3916 1.6057
1763.6000 11.4275 1.6060
1768.7000 11.4539 1.6065
1773.8000 11.4901 1.6004
1778.9000 11.5048 1.5836
1784.0000 11.5237 1.5861
1789.1000 11.5539 1.5816
1794.2000 11.5885 1.5725
1799.3000 11.6163 1.5657
1804.4000 11.6857 1.6011
1809.5000 11.7249 1.5901
1814.6000 11.7631 1.6135
1819.7000 11.7800 1.5993
1824.8000 11.8403 1.6300
1829.9000 11.8578 1.6298
1835.0000 11.9189 1.6066
1840.1000 11.9920 1.6268
1845.2000 12.0677 1.6213
1850.3000 12.1068 1.6199
1855.4000 12.1435 1.6177
1860.5000 12.1559 1.6180
1865.6000 12.1992 1.5788
1870.7000 12.2561 1.5489
1875.8000 12.3025 1.5433
1880.9000 12.3740 1.5963
1886.0000 12.3752 1.5282
1891.1000 12.5089 1.6464
1896.2000 12.4629 1.5686
1901.3000 12.4815 1.5451
1906.4000 12.5338 1.5681
1911.5000 12.5083 1.4984
1916.6000 12.5622 1.5207
1921.7000 12.5842 1.4952
1926.8000 12.6362 1.5203
1931.9000 12.6493 1.5064
1937.0000 12.7039 1.5169
1942.1000 12.7137 1.4866
1947.2000 12.7490 1.4875
1952.3000 12.7780 1.5032
1957.4000 12.8502 1.5495
1962.5000 12.9253 1.6267
1967.6000 12.9008 1.5728
1972.7000 12.9047 1.5134
1977.8000 12.9078 1.5122
1982.9000 12.9505 1.5490
1988.0000 12.9190 1.4782
1993.1000 12.9600 1.5138
1998.2000 13.0071 1.5288
2003.3000 13.0332 1.5055
2008.4000 13.0270 1.4472
2013.5000 13.0154 1.3734
2018.6000 13.0708 1.3785
2023.7000 13.1229 1.4128
2028.8000 13.2019 1.5123
2033.9000 13.1997 1.4877
2039.0000 13.2380 1.4994
2044.1000 13.2872 1.4952
2049.2000 13.2691 1.4283
2054.3000 13.3138 1.4762
2059.4000 13.3833 1.5341
2064.5000 13.3907 1.5181
2069.6000 13.4045 1.5086
2074.7000 13.4437 1.5205
2079.8000 13.4657 1.5256
2084.9000 13.4394 1.4676
2090.0000 13.4872 1.4930
2095.1000 13.5267 1.5013
2100.2000 13.5516 1.5065
2105.3000 13.5952 1.5355
2110.4000 13.6012 1.4851
2115.5000 13.6411 1.5009
2120.6000 13.6913 1.5330
2125.7000 13.7211 1.5128
2130.8000 13.7816 1.5574
2135.9000 13.8068 1.5484
2141.0000 13.8253 1.5474
2146.1000 13.8449 1.5475
2151.2000 13.8586 1.5329
2156.3000 13.8919 1.5342
2161.4000 13.9379 1.5683
2166.5000 13.9816 1.5666
2171.6000 14.0062 1.5656
2176.7000 14.0235 1.5648
2181.8000 14.0533 1.5644
2186.9000 14.0734 1.5635
2192.0000 14.1236 1.5610
2197.1000 14.1425 1.5601
2202.2000 14.1818 1.5587
2207.3000 14.2131 1.5584
2212.4000 14.2469 1.5577
2217.5000 14.2677 1.5584
2222.6000 14.2916 1.5563
2227.7000 14.3095 1.5556
2232.8000 14.3280 1.5551
2237.9000 14.3379 1.5547
2243.0000 14.3548 1.5534
2248.1000 14.3453 1.5086
2253.2000 14.3745 1.4945
2258.3000 14.3900 1.5154
2263.4000 14.3936 1.4896
2268.5000 14.4596 1.5454
2273.6000 14.4785 1.5451
2278.7000 14.4858 1.5453
2283.8000 14.4972 1.5449
2288.9000 14.5075 1.5453
2294.0000 14.4924 1.5002
2299.1000 14.5157 1.4976
2304.2000 14.5045 1.4541
2309.3000 14.5073 1.4222
2314.4000 14.5179 1.3873
2319.5000 14.5414 1.3639
2324.6000 14.5919 1.4029
2329.7000 14.6071 1.3780
2334.8000 14.6943 1.4728
2339.9000 14.7022 1.4481
2345.0000 14.7113 1.4191
2350.1000 14.7318 1.4053
2355.2000 14.7732 1.4411
2360.3000 14.8077 1.4556
2365.4000 14.8083 1.4170
2370.5000 14.8309 1.4078
2375.6000 14.8606 1.4192
2380.7000 14.8415 1.3584
2385.8000 14.8958 1.4214
2390.9000 14.9092 1.4148
2396.0000 14.9208 1.4130
2401.1000 14.9378 1.4188
2406.2000 14.9339 1.3778
2411.3000 14.9572 1.3667
2416.4000 15.0314 1.4421
2421.5000 15.0424 1.4231
2426.6000 15.0622 1.4016
2431.7000 15.0336 1.3464
2436.8000 15.0852 1.3924
2441.9000 15.0924 1.3897
2447.0000 15.1207 1.4145
2452.1000 15.1614 1.4531
2457.2000 15.1748 1.4613
2462.3000 15.1785 1.4524
2467.4000 15.1869 1.4472
2472.5000 15.1842 1.4106
2477.6000 15.1677 1.3740
2482.7000 15.2008 1.3891
2487.8000 15.2121 1.3836
2492.9000 15.2464 1.4171
2498.0000 15.2514 1.4115
2503.1000 15.2812 1.4355
2508.2000 15.2774 1.3944
2513.3000 15.3190 1.4367
2518.4000 15.3168 1.4100
2523.5000 15.3683 1.4627
2528.6000 15.3618 1.3976
2533.7000 15.3541 1.3771
2538.8000 15.3636 1.3580
2543.9000 15.4588 1.4732
2549.0000 15.4938 1.4996
2554.1000 15.5255 1.5128
2559.2000 15.5584 1.4748
2564.3000 15.5865 1.4344
2569.4000 15.6912 1.4822
2574.5000 15.7212 1.4374
2579.6000 15.8227 1.4655
2584.7000 15.9414 1.4726
2589.8000 16.0996 1.4967
2594.9000 16.1866 1.4660
2600.0000 16.2593 1.4909
2605.1000 16.3107 1.4931
2610.2000 16.3590 1.4851
2615.3000 16.3656 1.4284
2620.4000 16.4451 1.4910
2625.5000 16.4857 1.5002
2630.6000 16.5340 1.4936
2635.7000 16.5765 1.5171
2640.8000 16.5910 1.5175
2645.9000 16.6104 1.5110
2651.0000 16.6203 1.4835
2656.1000 16.6515 1.4887
2661.2000 16.6708 1.4998
2666.3000 16.6849 1.4988
2671.4000 16.6986 1.5043
2676.5000 16.7199 1.4728
2681.6000 16.7493 1.4916
2686.7000 16.7625 1.4635
2691.8000 16.8088 1.5012
2696.9000 16.8392 1.5013
2702.0000 16.8811 1.5024
2707.1000 16.8946 1.5029
2712.2000 16.9091 1.5033
2717.3000 16.9273 1.5037
2722.4000 16.9531 1.5037
2727.5000 16.9661 1.5038
2732.6000 16.9804 1.5039
2737.7000 16.9941 1.5041
2742.8000 17.0163 1.5043
2747.9000 17.0239 1.4590
2753.0000 17.0773 1.4760
2758.1000 17.1591 1.4988
2763.2000 17.1721 1.4701
2768.3000 17.2138 1.4641
2773.4000 17.2884 1.4875
2778.5000 17.3151 1.4545
2783.6000 17.3665 1.4606
2788.7000 17.3887 1.4763
2793.8000 17.4127 1.4766
2798.9000 17.4534 1.4910
2804.0000 17.4359 1.4469
2809.1000 17.4459 1.4515
2814.2000 17.4292 1.4143
2819.3000 17.4416 1.4242
2824.4000 17.4423 1.4178
2829.5000 17.4759 1.4338
2834.6000 17.5140 1.4563
2839.7000 17.5384 1.4486
2844.8000 17.5712 1.4404
2849.9000 17.5788 1.4234
2855.0000 17.6245 1.4696
2860.1000 17.6427 1.4788
2865.2000 17.6139 1.4229
2870.3000 17.6678 1.4871
2875.4000 17.6832 1.4644
2880.5000 17.6685 1.4364
2885.6000 17.6834 1.4480
2890.7000 17.7244 1.4955
2895.8000 17.7146 1.4720
2900.9000 17.7480 1.5067
2906.0000 17.7928 1.5330
2911.1000 17.7490 1.4585
2916.2000 17.7552 1.4587
2921.3000 17.7474 1.4387
2926.4000 17.7608 1.4431
2931.5000 17.8082 1.4967
2936.6000 17.8286 1.4772
2941.7000 17.8452 1.4759
2946.8000 17.8731 1.4445
2951.9000 18.0078 1.5366
2957.0000 17.9727 1.4500
2962.1000 18.0246 1.4711
2967.2000 18.1141 1.5174
2972.3000 18.1199 1.4904
2977.4000 18.1434 1.4798
2982.5000 18.2044 1.4761
2987.6000 18.2770 1.5037
2992.7000 18.3424 1.5385
2997.8000 18.3879 1.4932
3002.9000 18.4734 1.4733
3008.0000 18.5190 1.5012
3013.1000 18.5630 1.4899
3018.2000 18.6018 1.5046
3023.3000 18.6249 1.4486
3028.4000 18.7345 1.4568
3033.5000 18.8136 1.4863
3038.6000 18.8564 1.4945
3043.7000 18.8613 1.4437
3048.8000 18.9006 1.4334
3053.9000 18.9693 1.4788
3059.0000 19.0045 1.4578
3064.1000 19.0314 1.4462
3069.2000 19.0628 1.4656
3074.3000 19.1062 1.4447
3079.4000 19.1687 1.4611
3084.5000 19.1779 1.4374
3089.6000 19.2251 1.4499
3094.7000 19.2690 1.4592
3099.8000 19.2887 1.4594
3104.9000 19.3384 1.4553
3110.0000 19.3766 1.4521
3115.1000 19.4619 1.4478
3120.2000 19.5162 1.4454
3125.3000 19.5689 1.4706
3130.4000 19.6106 1.4687
3135.5000 19.6302 1.4687
3140.6000 19.6689 1.4695
3145.7000 19.6685 1.4257
3150.8000 19.7027 1.4208
3155.9000 19.7308 1.4314
3161.0000 19.7556 1.4168
3166.1000 19.7894 1.4465
3171.2000 19.7812 1.3648
3176.3000 19.8269 1.3849
3181.4000 19.8307 1.3732
3186.5000 19.9084 1.4278
3191.6000 19.9359 1.4345
3196.7000 19.9544 1.4191
3201.8000 19.9896 1.4300
3206.9000 20.0147 1.4632
3212.0000 19.9997 1.4196
3217.1000 20.0760 1.4478
3222.2000 20.0878 1.4435
3227.3000 20.0619 1.3929
3232.4000 20.0413 1.3556
3237.5000 20.1057 1.3898
3242.6000 20.1619 1.3696
3247.7000 20.2056 1.3999
3252.8000 20.2130 1.4011
3257.9000 20.2321 1.3843
3263.0000 20.2824 1.3457
3268.1000 20.3248 1.3545
3273.2000 20.3703 1.4053
3278.3000 20.3997 1.3993
3283.4000 20.4017 1.3452
3288.5000 20.4049 1.3398
3293.6000 20.4353 1.3529
3298.7000 20.5063 1.3647
3303.8000 20.5763 1.4135
3308.9000 20.5839 1.3989
3314.0000 20.6184 1.3737
3319.1000 20.6253 1.3180
3324.2000 20.6768 1.3524
3329.3000 20.7334 1.3721
3334.4000 20.7925 1.3423
3339.5000 20.8434 1.3622
3344.6000 20.8632 1.3533
3349.7000 20.9316 1.3335
3354.8000 21.0111 1.3408
3359.9000 21.0563 1.3378
3365.0000 21.1172 1.3257
3370.1000 21.1460 1.3267
3375.2000 21.2074 1.3545
3380.3000 21.2827 1.3743
3385.4000 21.2751 1.2844
3390.5000 21.3506 1.2955
3395.6000 21.3974 1.3497
3400.7000 21.4169 1.3001
3405.8000 21.4423 1.3104
3410.9000 21.4952 1.3188
3416.0000 21.5076 1.3131
3421.1000 21.5448 1.2999
3426.2000 21.5723 1.3020
3431.3000 21.6029 1.3018
3436.4000 21.6348 1.2980
3441.5000 21.6550 1.3229
3446.6000 21.6576 1.3050
3451.7000 21.6565 1.2910
3456.8000 21.6605 1.2686
3461.9000 21.6869 1.2849
3467.0000 21.6852 1.2585
3472.1000 21.6972 1.2688
3477.2000 21.6860 1.2503
3482.3000 21.7152 1.2605
3487.4000 21.7223 1.2597
3492.5000 21.7465 1.2801
3497.6000 21.7729 1.2817
3502.7000 21.8025 1.2901
3507.8000 21.8245 1.2992
3512.9000 21.8274 1.2689
3518.0000 21.8259 1.2502
3523.1000 21.8717 1.2815
3528.2000 21.8807 1.2684
3533.3000 21.9050 1.2821
3538.4000 21.9091 1.2823
3543.5000 21.9471 1.3263
3548.6000 22.0002 1.3627
3553.7000 21.9965 1.3307
3558.8000 22.0363 1.3445
3563.9000 22.0296 1.3212
3569.0000 22.0481 1.3274
3574.1000 22.0781 1.3435
3579.2000 22.1258 1.3820
3584.3000 22.1527 1.3692
3589.4000 22.1697 1.3547
3594.5000 22.1659 1.3465
3599.6000 22.2227 1.3804
