5.1000 0.0000 0.0000
10.2000 0.0000 0.0000
15.3000 0.0000 0.0000
20.3000 0.0000 0.0000
25.3000 0.0000 0.0000
30.3000 0.0000 0.0000
35.3000 0.1751 0.0368
40.3000 0.1751 0.0368
45.3000 0.1751 0.0368
50.3000 0.1751 0.0368
55.3000 0.1751 0.0368
60.3000 0.3798 0.0864
65.4000 0.3798 0.0864
70.5000 0.3798 0.0864
75.6000 0.3798 0.0864
80.7000 0.3798 0.0864
85.8000 0.5838 0.1348
90.9000 0.5838 0.1348
96.0000 0.5838 0.1348
101.1000 0.5838 0.1348
106.2000 0.5838 0.1348
111.3000 0.5838 0.1348
116.4000 0.8750 0.2331
121.5000 0.8750 0.2331
126.6000 0.8750 0.2331
131.7000 0.8750 0.2331
136.8000 0.8750 0.2331
141.9000 0.8750 0.2331
147.0000 1.0713 0.3590
152.1000 1.0713 0.3590
157.2000 1.0713 0.3590
162.3000 1.0713 0.3590
167.4000 1.0713 0.3590
172.5000 1.2912 0.4124
177.6000 1.4663 0.4446
182.7000 1.4663 0.4446
187.8000 1.4663 0.4446
192.9000 1.4663 0.4446
198.0000 1.4663 0.4446
203.1000 1.6408 0.4761
208.2000 1.6408 0.4761
213.3000 1.8159 0.5071
218.4000 1.8159 0.5071
223.5000 1.8159 0.5071
228.6000 1.8159 0.5071
233.7000 2.1394 0.6209
238.8000 2.1394 0.6209
243.9000 2.1394 0.6209
249.0000 2.1394 0.6209
254.1000 2.1394 0.6209
259.1000 2.1394 0.6209
264.1000 2.1394 0.6209
269.1000 2.3119 0.7222
274.1000 2.3119 0.7222
279.1000 2.3119 0.7222
284.1000 2.3119 0.7222
289.1000 2.3119 0.7222
294.1000 2.5073 0.7589
299.1000 2.5073 0.7589
304.1000 2.5073 0.7589
309.1000 2.5073 0.7589
314.1000 2.6824 0.7869
319.1000 2.6824 0.7869
324.1000 2.9768 0.8751
329.1000 2.9768 0.8751
334.1000 2.9768 0.8751
339.1000 2.9768 0.8751
344.1000 2.9768 0.8751
349.1000 3.1458 0.8994
354.1000 3.1458 0.8994
359.1000 3.1458 0.8994
364.1000 3.1458 0.8994
369.1000 3.1458 0.8994
374.1000 3.1458 0.8994
379.1000 3.3684 0.9448
384.1000 3.7388 1.0845
389.1000 3.7388 1.0845
394.1000 3.7388 1.0845
399.1000 3.7388 1.0845
404.1000 3.7388 1.0845
409.1000 4.0050 1.1496
414.1000 4.0050 1.1496
419.1000 4.0050 1.1496
424.1000 4.0050 1.1496
429.1000 4.0050 1.1496
434.1000 4.2522 1.2032
439.1000 4.2522 1.2032
444.1000 4.2522 1.2032
449.1000 4.4247 1.3793
454.1000 4.4247 1.3793
459.1000 4.5999 1.4006
464.1000 4.8375 1.4465
469.1000 4.8375 1.4465
474.1000 4.8375 1.4465
479.1000 4.8375 1.4465
484.1000 4.8375 1.4465
489.1000 4.8375 1.4465
494.1000 4.8375 1.4465
499.1000 5.0268 1.4712
504.1000 5.4054 1.6518
509.1000 5.4054 1.6518
514.1000 5.4054 1.6518
519.1000 5.4054 1.6518
524.1000 5.8400 1.7215
529.1000 6.0626 1.7549
534.1000 6.0626 1.7549
539.1000 6.4412 1.7943
544.1000 6.4412 1.7943
549.1000 6.6305 1.8129
554.1000 6.6305 1.8129
559.1000 6.8437 1.8392
564.1000 7.0330 1.8563
569.1000 7.6711 2.0496
574.1000 7.6711 2.0496
579.1000 8.1057 2.2668
584.1000 9.3626 2.5359
589.1000 9.3626 2.5359
594.1000 9.7412 2.5503
599.1000 9.7412 2.5503
604.1000 9.9305 2.6753
609.1000 10.4107 2.8566
614.1000 10.4107 2.8566
619.1000 10.7583 2.9293
624.1000 10.9809 3.1826
629.1000 11.4129 3.3065
634.1000 11.7631 3.4775
639.1000 11.9357 3.5542
644.1000 12.3669 3.8440
649.1000 12.3669 3.8440
654.1000 13.0383 4.1000
659.1000 13.4360 4.0918
664.1000 14.1074 4.2105
669.1000 14.6416 4.3844
674.1000 15.0868 4.4990
679.1000 16.3974 5.1512
684.1000 16.5867 5.1321
689.1000 17.2212 5.1828
694.1000 18.0151 5.5589
699.1000 19.3540 5.9491
704.1000 20.1412 5.9905
709.1000 20.1412 5.9905
714.1000 20.7756 6.0980
719.1000 21.1374 6.1250
724.1000 21.7218 6.1158
729.1000 22.4302 6.3491
734.1000 23.1951 6.3481
739.1000 23.6402 6.6201
744.1000 24.0420 6.5281
749.1000 24.2646 6.5825
754.1000 24.6122 6.6404
759.1000 25.6805 6.9582
764.1000 26.7865 7.3599
769.1000 26.9591 7.4720
774.1000 27.7115 7.7398
779.1000 28.0046 7.8046
784.1000 28.7093 7.9357
789.1000 29.9342 8.5644
794.1000 30.4070 8.6743
799.1000 30.8891 8.8809
804.1000 31.3211 9.0614
809.1000 33.1808 9.2221
814.1000 34.1083 9.4506
819.1000 34.5393 9.4723
824.1000 35.3571 9.6725
829.1000 35.0909 9.4852
834.1000 35.7863 9.6892
839.1000 36.1504 9.5871
844.1000 36.3397 9.6761
849.1000 36.7576 9.8828
854.1000 37.2685 10.1943
859.1000 37.8678 9.9426
864.1000 39.2251 10.2036
869.1000 39.8383 10.4478
874.1000 39.9525 10.2567
879.1000 40.5906 10.1488
884.1000 41.1275 10.2119
889.1000 41.1512 10.2302
894.1000 41.4107 10.3561
899.1000 40.7751 10.0115
904.1000 41.5873 9.9286
909.1000 41.8140 10.0259
914.1000 41.8681 9.6467
919.1000 41.9001 9.6732
924.1000 42.1442 9.5745
929.1000 42.7835 9.6189
934.1000 43.0145 9.3273
939.1000 43.1715 9.4256
944.1000 44.0109 9.8192
949.1000 44.3807 10.0055
954.1000 45.0766 9.8920
959.1000 44.8261 9.7219
964.1000 44.8894 9.4046
969.1000 44.4657 9.3093
974.1000 44.8897 9.3363
979.1000 45.3300 8.8853
984.1000 45.5072 8.9319
989.1000 45.7149 9.0302
994.1000 46.6542 9.2078
999.1000 46.1773 8.9383
1004.1000 47.4568 9.1828
1009.1000 48.2367 9.4582
1014.1000 48.0133 9.4148
1019.1000 48.3281 9.4350
1024.1000 48.8174 9.2616
1029.2000 48.5734 9.1273
1034.3000 49.8756 9.3976
1039.4000 49.8344 9.2394
1044.5000 50.4970 9.2960
1049.6000 50.5265 9.4016
1054.7000 50.7628 9.4361
1059.8000 51.4645 9.2840
1064.9000 51.6711 9.0203
1070.0000 52.5136 8.6829
1075.1000 53.0625 8.5379
1080.2000 52.7839 8.3816
1085.3000 52.7106 8.2433
1090.4000 53.0436 8.2126
1095.5000 54.0374 8.4575
1100.6000 54.2937 8.2348
1105.7000 54.2657 8.2139
1110.8000 54.9873 8.1971
1115.9000 54.9850 8.2657
1121.0000 55.0281 7.9436
1126.1000 55.0743 7.9344
1131.2000 55.3339 7.9880
1136.3000 55.2361 7.9735
1141.4000 55.0630 7.9379
1146.5000 55.5259 7.8578
1151.6000 56.4540 7.5748
1156.7000 57.5984 7.2568
1161.8000 57.1055 7.2103
1166.9000 57.7159 7.3189
1172.0000 58.6336 7.2532
1177.1000 59.1360 7.1433
1182.2000 59.0841 7.0374
1187.3000 60.1326 6.5566
1192.4000 59.8308 6.4852
1197.5000 59.0058 6.3483
1202.6000 58.9213 6.4548
1207.7000 59.6603 6.5182
1212.8000 59.4115 6.0762
1217.9000 60.4166 6.3908
1223.0000 60.6140 6.0969
1228.1000 61.3301 6.1271
1233.2000 60.9028 5.9992
1238.3000 61.7754 6.1672
1243.4000 61.3356 6.2640
1248.5000 61.2955 6.1111
1253.6000 62.1055 6.0727
1258.7000 62.3274 6.0737
1263.8000 62.6063 6.0545
1268.9000 63.0668 6.0737
1274.0000 63.2423 6.0930
1279.1000 64.0996 6.1179
1284.2000 63.2710 5.9496
1289.3000 64.9760 5.9145
1294.4000 65.3718 5.6697
1299.5000 65.7632 5.5217
1304.6000 65.4710 5.1754
1309.7000 65.6368 4.8993
1314.8000 67.1801 4.6830
1319.9000 66.6071 4.3413
1325.0000 67.8027 3.9842
1330.1000 67.4406 4.0434
1335.2000 68.1282 4.0245
1340.3000 68.0788 3.8997
1345.4000 67.7327 3.6871
1350.5000 68.1956 3.7143
1355.6000 68.0852 3.7589
1360.7000 67.3930 3.6881
1365.8000 68.4659 3.7644
1370.9000 68.9531 3.8075
1376.0000 68.9759 3.8035
1381.1000 69.1159 3.7670
1386.2000 69.0919 3.7751
1391.3000 69.2144 3.7725
1396.4000 68.7594 3.7848
1401.5000 68.9631 3.7832
1406.6000 69.3620 3.7540
1411.7000 70.0450 3.6201
1416.8000 69.7263 3.6340
1421.9000 69.2031 3.7574
1427.0000 70.4708 3.7865
1432.1000 70.5733 3.9162
1437.2000 72.0236 3.8746
1442.3000 72.4401 3.8146
1447.4000 72.3282 3.9204
1452.5000 71.7949 3.7922
1457.6000 72.6138 3.6932
1462.7000 72.1565 3.7287
1467.8000 72.7983 3.5993
1472.9000 72.6075 3.6627
1478.0000 73.8550 3.4227
1483.1000 73.5498 3.5375
1488.2000 74.0099 3.4803
1493.3000 75.1275 3.4910
1498.4000 74.6563 3.5112
1503.5000 74.7159 3.5713
1508.6000 74.9426 3.4074
1513.7000 75.2072 3.4435
1518.8000 74.8253 3.4767
1523.9000 75.9334 3.1823
1529.0000 75.2976 3.1370
1534.1000 75.2796 2.9672
1539.2000 76.2937 2.8436
1544.3000 76.7923 2.7515
1549.4000 76.5293 2.8057
1554.5000 77.3202 2.6435
1559.6000 76.3188 2.6931
1564.7000 76.2432 2.8504
1569.8000 76.3123 2.5670
1574.9000 76.1654 2.6817
1580.0000 74.7613 2.8023
1585.1000 74.9370 2.6811
1590.2000 74.2655 2.7329
1595.3000 73.8345 2.7288
1600.4000 73.8809 2.7881
1605.5000 74.3826 2.5952
1610.6000 75.2130 2.5706
1615.7000 76.0746 2.3277
1620.8000 76.1962 2.5455
1625.9000 75.9977 2.6147
1631.0000 75.8956 2.6643
1636.1000 75.1143 2.5976
1641.2000 74.6112 2.7225
1646.3000 74.9390 2.6083
1651.4000 74.5835 2.6546
1656.5000 75.2332 2.6173
1661.6000 74.8126 2.5166
1666.7000 75.5748 2.3714
1671.8000 74.7358 2.4323
1676.9000 75.1031 2.4527
1682.0000 74.2312 2.5586
1687.1000 74.8260 2.5589
1692.2000 75.5309 2.5008
1697.3000 74.5753 2.3737
1702.4000 75.3822 2.3495
1707.5000 74.7754 2.4975
1712.6000 74.8741 2.5371
1717.7000 75.1222 2.4805
1722.8000 74.9007 2.5221
1727.9000 74.5789 2.6189
1733.0000 74.8028 2.5650
1738.1000 74.4279 2.4659
1743.2000 74.8111 2.4962
1748.3000 76.1423 2.3344
1753.4000 76.2022 2.4691
1758.5000 74.9862 2.6365
1763.6000 75.0075 2.4867
1768.7000 75.3886 2.3642
1773.8000 75.7729 2.2257
1778.9000 75.9053 2.0963
1784.0000 76.0296 2.0942
1789.1000 76.3998 1.9661
1794.2000 76.4723 2.0780
1799.3000 75.4877 2.1967
1804.4000 75.7871 2.1607
1809.5000 76.4835 1.9947
1814.6000 76.5425 2.0028
1819.7000 76.2824 2.0473
1824.8000 75.9190 2.0705
1829.9000 76.3891 2.0177
1835.0000 77.5443 2.0248
1840.1000 77.2687 2.1541
1845.2000 77.1584 2.0507
1850.3000 76.4327 2.0773
1855.4000 75.8822 2.1548
1860.5000 75.6955 2.1518
1865.6000 75.8929 2.0613
1870.7000 75.5441 2.1340
1875.8000 76.3427 2.0119
1880.9000 77.2535 2.0297
1886.0000 77.1751 2.0163
1891.1000 77.4022 2.0533
1896.2000 75.9608 2.2794
1901.3000 76.8982 2.2206
1906.4000 75.9610 2.3706
1911.5000 76.5510 2.2951
1916.6000 76.8946 2.3340
1921.7000 77.8234 2.1327
1926.8000 77.0916 2.2763
1931.9000 77.0635 2.3407
1937.0000 77.2042 2.2972
1942.1000 77.5031 2.2709
1947.2000 76.3286 2.4324
1952.3000 76.6546 2.3672
1957.4000 77.2578 2.3186
1962.5000 76.0833 2.5624
1967.6000 77.5510 2.4424
1972.7000 77.8610 2.3291
1977.8000 78.3342 2.0563
1982.9000 78.0900 2.0178
1988.0000 78.0754 2.1064
1993.1000 77.5004 2.1569
1998.2000 77.9498 2.0468
2003.3000 77.7796 2.2548
2008.4000 78.1171 2.0413
2013.5000 77.8634 2.0121
2018.6000 77.1884 2.0416
2023.7000 76.6284 2.1629
2028.8000 77.5190 2.1037
2033.9000 77.3225 2.0149
2039.0000 77.6961 1.9112
2044.1000 77.7326 1.9953
2049.2000 77.7026 2.1152
2054.3000 77.5531 2.0821
2059.4000 78.2825 2.0508
2064.5000 78.3794 1.9338
2069.6000 77.6260 2.0036
2074.7000 77.5372 1.9994
2079.8000 77.3619 1.9706
2084.9000 77.3043 2.0111
2090.0000 77.4148 1.9584
2095.1000 76.8920 2.0067
2100.2000 77.1137 1.9582
2105.3000 76.9413 2.1290
2110.4000 77.5193 1.9846
2115.5000 77.2752 2.1387
2120.6000 77.9320 1.9900
2125.7000 76.7286 2.1964
2130.8000 76.6957 2.0756
2135.9000 77.4577 2.0034
2141.0000 77.4636 2.0601
2146.1000 76.7432 2.3151
2151.2000 77.4850 2.1375
2156.3000 77.9971 2.2979
2161.4000 77.8865 2.3235
2166.5000 76.2761 2.5868
2171.6000 77.3436 2.3649
2176.7000 77.9839 2.2325
2181.8000 77.9841 2.3392
2186.9000 78.1929 2.3056
2192.0000 77.7175 2.2863
2197.1000 78.0533 2.5285
2202.2000 78.1778 2.4460
2207.3000 78.8245 2.3272
2212.4000 78.4152 2.6359
2217.5000 78.8518 2.4324
2222.6000 78.8857 2.3503
2227.7000 79.1114 2.3031
2232.8000 79.7961 2.1176
2237.9000 78.6432 2.3308
2243.0000 78.1510 2.2893
2248.1000 78.1878 2.4225
2253.2000 78.2946 2.4371
2258.3000 80.2491 1.9970
2263.4000 80.0631 1.9779
2268.5000 79.4016 2.0168
2273.6000 78.0877 2.4014
2278.7000 78.8975 2.2219
2283.8000 78.9717 2.2028
2288.9000 79.0675 2.1479
2294.0000 78.8058 2.0541
2299.1000 79.5336 2.1403
2304.2000 78.3874 2.1977
2309.3000 78.8389 2.0388
2314.4000 79.4439 2.0924
2319.5000 78.6736 2.0814
2324.6000 78.2835 2.1441
2329.7000 79.1443 2.0901
2334.8000 79.4657 2.1373
2339.9000 78.7959 2.3346
2345.0000 79.9167 2.1109
2350.1000 79.6834 1.8903
2355.2000 80.0754 1.9409
2360.3000 79.9224 1.9187
2365.4000 79.0292 2.0861
2370.5000 79.0562 1.8981
2375.6000 78.4338 1.9420
2380.7000 78.4539 2.0172
2385.8000 78.3799 1.8960
2390.9000 77.9980 2.0578
2396.0000 78.6770 2.0000
2401.1000 79.0260 2.1438
2406.2000 79.6968 1.9435
2411.3000 80.1376 1.9365
2416.4000 78.8252 2.0346
2421.5000 78.4185 2.2346
2426.6000 77.9345 2.4149
2431.7000 78.1663 2.4486
2436.8000 77.2865 2.6711
2441.9000 77.0617 2.6390
2447.0000 76.7951 2.6463
2452.1000 76.9598 2.6957
2457.2000 78.3708 2.3182
2462.3000 78.5322 2.3351
2467.4000 78.4537 2.4024
2472.5000 78.5702 2.4321
2477.6000 77.7543 2.6349
2482.7000 77.7030 2.5574
2487.8000 77.7327 2.4932
2492.9000 77.3672 2.5707
2498.0000 77.9756 2.5204
2503.1000 78.5859 2.3583
2508.2000 78.8273 2.3257
2513.3000 79.4459 2.1058
2518.4000 79.2272 2.2579
2523.5000 79.0328 2.0881
2528.6000 79.1298 2.0415
2533.7000 77.9713 2.1146
2538.8000 78.1342 2.2234
2543.9000 78.7964 2.1291
2549.0000 79.1570 2.1629
2554.1000 78.3788 2.1397
2559.2000 79.1832 2.0599
2564.3000 78.1469 2.2535
2569.4000 77.5387 2.5179
2574.5000 78.5164 2.3252
2579.6000 78.8686 2.2173
2584.7000 80.2637 2.0009
2589.8000 79.9133 2.1352
2594.9000 80.4725 1.9415
2600.0000 81.0102 1.7791
2605.1000 80.7567 1.8630
2610.2000 78.9065 2.1492
2615.3000 79.2836 2.2897
2620.4000 80.5205 2.1325
2625.5000 79.7813 2.2613
2630.6000 79.6918 2.1823
2635.7000 80.2855 2.2501
2640.8000 78.9263 2.3109
2645.9000 80.0775 2.2176
2651.0000 79.7784 2.1796
2656.1000 79.4162 2.3848
2661.2000 80.0543 2.1156
2666.3000 79.8604 2.0956
2671.4000 80.3405 1.9924
2676.5000 79.3218 2.2664
2681.6000 79.8617 2.0669
2686.7000 79.3515 2.1390
2691.8000 79.5487 1.9025
2696.9000 78.6423 2.0849
2702.0000 78.8109 2.1459
2707.1000 79.8599 1.8357
2712.2000 80.1221 1.9350
2717.3000 80.3847 1.8726
2722.4000 80.2564 2.0547
2727.5000 80.8305 1.8609
2732.6000 80.1951 2.0219
2737.7000 79.7475 2.0286
2742.8000 80.3257 1.9040
2747.9000 79.8950 1.9634
2753.0000 80.4875 1.9640
2758.1000 80.6539 1.9874
2763.2000 79.3680 2.1223
2768.3000 79.8857 2.1950
2773.4000 79.8813 2.1363
2778.5000 80.3304 2.1088
2783.6000 80.1337 2.1798
2788.7000 80.6319 2.1333
2793.8000 80.7451 2.0521
2798.9000 79.4878 2.2722
2804.0000 79.1852 2.3366
2809.1000 79.6591 2.1943
2814.2000 79.4186 2.1949
2819.3000 78.8561 2.4191
2824.4000 79.1438 2.4338
2829.5000 78.8389 2.3234
2834.6000 78.5340 2.2760
2839.7000 79.9164 2.0661
2844.8000 78.9988 2.2564
2849.9000 79.0704 2.3089
2855.0000 80.3690 2.3628
2860.1000 79.6020 2.3673
2865.2000 79.2032 2.4449
2870.3000 80.0704 2.3073
2875.4000 78.9925 2.3702
2880.5000 79.7925 2.1806
2885.6000 79.2207 2.2765
2890.7000 79.9965 2.1545
2895.8000 79.9344 1.9667
2900.9000 79.4628 2.2026
2906.0000 79.0183 2.2659
2911.1000 79.8414 2.1234
2916.2000 79.4269 2.1941
2921.3000 80.6520 2.0781
2926.4000 80.4103 2.2879
2931.5000 80.1666 2.2513
2936.6000 80.5299 2.1827
2941.7000 80.6102 2.1898
2946.8000 80.4887 2.2139
2951.9000 80.8497 2.2030
2957.0000 80.4884 2.4067
2962.1000 80.0484 2.3911
2967.2000 80.8856 2.1670
2972.3000 80.6982 2.4458
2977.4000 80.6542 2.4747
2982.5000 79.6555 2.6788
2987.6000 80.9474 2.4193
2992.7000 82.3948 2.1918
2997.8000 81.8166 2.3414
3002.9000 82.2248 2.2640
3008.0000 81.7153 2.3561
3013.1000 81.8127 2.2257
3018.2000 82.2058 2.2279
3023.3000 82.1786 2.1338
3028.4000 83.5274 1.8589
3033.5000 82.7225 2.1211
3038.6000 83.1462 2.0285
3043.7000 82.2229 2.3460
3048.8000 83.0322 2.1589
3053.9000 82.3001 2.1256
3059.0000 82.1856 2.0969
3064.1000 81.2531 2.4683
3069.2000 81.0637 2.4544
3074.3000 81.9487 2.2099
3079.4000 82.2500 2.0956
3084.5000 81.5484 2.2772
3089.6000 80.5125 2.3271
3094.7000 81.7615 2.0648
3099.8000 81.5733 1.8607
3104.9000 81.9045 1.8466
3110.0000 82.1384 1.7567
3115.1000 80.9253 1.9304
3120.2000 81.7739 1.9302
3125.3000 80.5037 2.2080
3130.4000 81.7042 1.8927
3135.5000 80.6335 2.0532
3140.6000 80.7941 2.0280
3145.7000 81.1311 1.8788
3150.8000 80.0050 2.1067
3155.9000 79.3548 2.4042
3161.0000 78.5595 2.5910
3166.1000 79.1574 2.4879
3171.2000 79.2173 2.4355
3176.3000 78.6903 2.3312
3181.4000 79.6874 2.1688
3186.5000 79.4958 2.1672
3191.6000 79.9213 2.0376
3196.7000 80.0915 2.1411
3201.8000 80.5486 2.0450
3206.9000 81.2323 1.7798
3212.0000 81.2875 1.8118
3217.1000 81.0294 1.9634
3222.2000 80.9528 2.0162
3227.3000 80.2872 2.1353
3232.4000 81.0963 1.8210
3237.5000 80.9000 1.8224
3242.6000 79.4710 2.1221
3247.7000 79.1882 2.2783
3252.8000 79.5742 2.3468
3257.9000 81.7596 2.1503
3263.0000 81.8256 2.0714
3268.1000 82.4056 1.9959
3273.2000 82.2185 2.0194
3278.3000 81.7847 2.1655
3283.4000 82.1423 2.0595
3288.5000 80.9934 2.1064
3293.6000 81.4856 2.1322
3298.7000 81.8520 2.1303
3303.8000 82.7313 2.0015
3308.9000 81.8471 2.0960
3314.0000 83.0310 1.9246
3319.1000 83.6785 1.6276
3324.2000 82.6403 1.9400
3329.3000 84.0078 1.7548
3334.4000 84.0828 1.7625
3339.5000 84.0828 1.7625
3344.6000 82.9263 1.9257
3349.7000 82.5875 1.8542
3354.8000 82.4638 1.8729
3359.9000 82.8657 1.7129
3365.0000 83.3604 1.6110
3370.1000 83.5108 1.7416
3375.2000 82.8444 2.0015
3380.3000 81.9721 1.9435
3385.4000 81.9039 2.0038
3390.5000 82.3205 1.8695
3395.6000 81.5695 2.0037
3400.7000 80.6440 2.1408
3405.8000 82.2946 1.9223
3410.9000 82.4213 1.9664
3416.0000 82.0785 1.9529
3421.1000 82.2312 1.9874
3426.2000 82.3091 2.2539
3431.3000 83.0573 1.9635
3436.4000 82.1447 2.1946
3441.5000 82.4150 2.2106
3446.6000 82.1236 2.2190
3451.7000 82.7681 1.9755
3456.8000 82.0795 2.1961
3461.9000 82.5388 2.1792
3467.0000 82.5953 2.2998
3472.1000 81.9458 2.3827
3477.2000 82.2494 2.1651
3482.3000 81.4327 2.3735
3487.4000 82.3717 2.2597
3492.5000 81.2378 2.2429
3497.6000 81.8684 2.1308
3502.7000 81.2390 2.3979
3507.8000 83.0891 2.1324
3512.9000 83.2102 1.8656
3518.0000 82.3607 2.0777
3523.1000 81.8050 2.1668
3528.2000 82.3870 1.8244
3533.3000 82.5958 1.7295
3538.4000 83.3506 1.7860
3543.5000 84.5954 1.5001
3548.6000 84.2675 1.6251
3553.7000 83.9401 1.8393
3558.8000 83.1105 1.9632
3563.9000 84.7032 1.8125
3569.0000 84.6798 1.9492
3574.1000 83.9262 1.9664
3579.2000 83.3632 2.0830
3584.3000 82.8738 2.0590
3589.4000 83.6922 1.7916
3594.5000 82.3090 2.0531
3599.6000 82.8481 2.0124
