5.1000 0.0000 0.0000
10.2000 0.0000 0.0000
15.3000 0.0000 0.0000
20.3000 0.0000 0.0000
25.3000 0.0000 0.0000
30.3000 0.0000 0.0000
35.3000 0.0018 0.0000
40.3000 0.0018 0.0000
45.3000 0.0018 0.0000
50.3000 0.0018 0.0000
55.3000 0.0018 0.0000
60.3000 0.0038 0.0000
65.4000 0.0038 0.0000
70.5000 0.0038 0.0000
75.6000 0.0038 0.0000
80.7000 0.0073 0.0000
85.8000 0.0093 0.0000
90.9000 0.0111 0.0000
96.0000 0.0111 0.0000
101.1000 0.0128 0.0000
106.2000 0.0181 0.0000
111.3000 0.0198 0.0000
116.4000 0.0228 0.0000
121.5000 0.0304 0.0001
126.6000 0.0304 0.0001
131.7000 0.0304 0.0001
136.8000 0.0368 0.0001
141.9000 0.0438 0.0001
147.0000 0.0542 0.0001
152.1000 0.0609 0.0001
157.2000 0.0638 0.0001
162.3000 0.0877 0.0002
167.4000 0.1099 0.0002
172.5000 0.1298 0.0002
177.6000 0.1453 0.0002
182.7000 0.1701 0.0002
187.8000 0.1822 0.0002
192.9000 0.1909 0.0002
198.0000 0.1949 0.0002
203.1000 0.2183 0.0002
208.2000 0.2385 0.0003
213.3000 0.2385 0.0003
218.4000 0.2414 0.0003
223.5000 0.2568 0.0003
228.6000 0.2786 0.0004
233.7000 0.3055 0.0004
238.8000 0.3161 0.0004
243.9000 0.3271 0.0004
249.0000 0.3468 0.0005
254.1000 0.3633 0.0006
259.1000 0.3746 0.0007
264.1000 0.3821 0.0007
269.1000 0.4026 0.0007
274.1000 0.4048 0.0007
279.1000 0.4237 0.0007
284.1000 0.4356 0.0008
289.1000 0.4418 0.0008
294.1000 0.4437 0.0008
299.1000 0.4549 0.0008
304.1000 0.4570 0.0008
309.1000 0.4612 0.0008
314.1000 0.4748 0.0009
319.1000 0.4748 0.0009
324.1000 0.4810 0.0009
329.1000 0.4922 0.0009
334.1000 0.5056 0.0009
339.1000 0.5140 0.0009
344.1000 0.5242 0.0010
349.1000 0.5259 0.0010
354.1000 0.5354 0.0010
359.1000 0.5354 0.0010
364.1000 0.5410 0.0010
369.1000 0.5541 0.0010
374.1000 0.5541 0.0010
379.1000 0.5633 0.0011
384.1000 0.5633 0.0011
389.1000 0.5824 0.0013
394.1000 0.5824 0.0013
399.1000 0.5985 0.0013
404.1000 0.6061 0.0013
409.1000 0.6368 0.0014
414.1000 0.6549 0.0014
419.1000 0.6633 0.0014
424.1000 0.6655 0.0014
429.1000 0.6764 0.0014
434.1000 0.7068 0.0014
439.1000 0.7161 0.0015
444.1000 0.7278 0.0016
449.1000 0.7471 0.0016
454.1000 0.7552 0.0017
459.1000 0.7694 0.0016
464.1000 0.7953 0.0018
469.1000 0.8217 0.0018
474.1000 0.9105 0.0051
479.1000 0.9194 0.0051
484.1000 0.9306 0.0050
489.1000 0.9355 0.0050
494.1000 0.9475 0.0050
499.1000 0.9764 0.0050
504.1000 0.9971 0.0051
509.1000 1.0086 0.0051
514.1000 1.1191 0.0284
519.1000 1.1331 0.0284
524.1000 1.1510 0.0283
529.1000 1.1591 0.0283
534.1000 1.1733 0.0283
539.1000 1.1973 0.0283
544.1000 1.2769 0.0434
549.1000 1.2934 0.0433
554.1000 1.3572 0.0694
559.1000 1.3745 0.0694
564.1000 1.4000 0.0694
569.1000 1.4168 0.0694
574.1000 1.4477 0.0696
579.1000 1.4683 0.0695
584.1000 1.4849 0.0696
589.1000 1.4939 0.0695
594.1000 1.5103 0.0695
599.1000 1.5229 0.0696
604.1000 1.5610 0.0697
609.1000 1.5639 0.0697
614.1000 1.5713 0.0697
619.1000 1.5981 0.0698
624.1000 1.6150 0.0697
629.1000 1.6310 0.0699
634.1000 1.6375 0.0700
639.1000 1.6442 0.0701
644.1000 1.6690 0.0703
649.1000 1.6825 0.0703
654.1000 1.6883 0.0703
659.1000 1.6953 0.0703
664.1000 1.7263 0.0704
669.1000 1.7591 0.0705
674.1000 1.7768 0.0706
679.1000 1.8015 0.0707
684.1000 1.8062 0.0707
689.1000 1.8458 0.0707
694.1000 1.8775 0.0708
699.1000 1.9031 0.0708
704.1000 1.9380 0.0708
709.1000 1.9432 0.0708
714.1000 1.9485 0.0708
719.1000 1.9780 0.0709
724.1000 1.9866 0.0708
729.1000 1.9883 0.0707
734.1000 2.0037 0.0707
739.1000 2.0231 0.0708
744.1000 2.0417 0.0709
749.1000 2.0439 0.0710
754.1000 2.0578 0.0710
759.1000 2.0712 0.0711
764.1000 2.0872 0.0711
769.1000 2.0872 0.0711
774.1000 2.0902 0.0712
779.1000 2.1009 0.0713
784.1000 2.1009 0.0713
789.1000 2.1177 0.0715
794.1000 2.1258 0.0713
799.1000 2.1292 0.0712
804.1000 2.1352 0.0711
809.1000 2.1476 0.0711
814.1000 2.1611 0.0711
819.1000 2.1636 0.0712
824.1000 2.1803 0.0712
829.1000 2.1896 0.0713
834.1000 2.2101 0.0709
839.1000 2.2326 0.0712
844.1000 2.7119 0.5736
849.1000 2.7158 0.5735
854.1000 2.7303 0.5731
859.1000 2.7725 0.5725
864.1000 2.8847 0.6505
869.1000 2.8979 0.6505
874.1000 2.9976 0.7580
879.1000 3.0158 0.7578
884.1000 3.0348 0.7576
889.1000 3.0615 0.7569
894.1000 3.0871 0.7567
899.1000 3.1114 0.7564
904.1000 3.1544 0.7566
909.1000 3.1733 0.7565
914.1000 3.2482 0.7717
919.1000 3.2778 0.7712
924.1000 3.3021 0.7711
929.1000 3.4062 0.7718
934.1000 3.4595 0.7716
939.1000 3.4830 0.7715
944.1000 3.5017 0.7712
949.1000 3.5761 0.7720
954.1000 3.6163 0.7725
959.1000 3.6407 0.7726
964.1000 3.6969 0.7733
969.1000 3.7042 0.7733
974.1000 3.7307 0.7737
979.1000 3.7724 0.7742
984.1000 3.7851 0.7737
989.1000 3.8056 0.7739
994.1000 3.8451 0.7738
999.1000 3.8597 0.7741
1004.1000 3.8696 0.7740
1009.1000 3.8937 0.7740
1014.1000 3.8984 0.7741
1019.1000 3.9102 0.7737
1024.1000 3.9127 0.7737
1029.2000 3.9152 0.7737
1034.3000 3.9202 0.7736
1039.4000 3.9480 0.7731
1044.5000 3.9819 0.7735
1049.6000 4.0110 0.7731
1054.7000 4.0127 0.7730
1059.8000 4.0383 0.7718
1064.9000 4.0949 0.7716
1070.0000 4.1081 0.7711
1075.1000 4.1132 0.7708
1080.2000 4.1240 0.7706
1085.3000 4.1330 0.7705
1090.4000 4.1464 0.7701
1095.5000 4.1920 0.7702
1100.6000 4.2263 0.7699
1105.7000 4.2263 0.7699
1110.8000 4.2394 0.7697
1115.9000 4.2508 0.7694
1121.0000 4.2714 0.7690
1126.1000 4.2894 0.7688
1131.2000 4.3029 0.7684
1136.3000 4.3183 0.7683
1141.4000 4.3435 0.7683
1146.5000 4.3478 0.7680
1151.6000 4.3662 0.7681
1156.7000 4.3961 0.7669
1161.8000 4.4163 0.7664
1166.9000 4.4414 0.7655
1172.0000 4.4629 0.7652
1177.1000 4.4801 0.7652
1182.2000 4.4947 0.7651
1187.3000 4.5377 0.7649
1192.4000 4.5596 0.7647
1197.5000 4.5760 0.7644
1202.6000 4.5848 0.7645
1207.7000 4.5848 0.7645
1212.8000 4.6059 0.7643
1217.9000 4.6273 0.7638
1223.0000 4.6471 0.7630
1228.1000 4.6790 0.7627
1233.2000 4.7053 0.7618
1238.3000 4.7154 0.7617
1243.4000 4.7337 0.7616
1248.5000 4.7473 0.7615
1253.6000 4.7878 0.7620
1258.7000 4.7951 0.6947
1263.8000 4.8586 0.6935
1268.9000 4.8864 0.6926
1274.0000 4.9215 0.6928
1279.1000 4.9269 0.6928
1284.2000 4.9611 0.6925
1289.3000 5.0151 0.6917
1294.4000 5.0353 0.6919
1299.5000 5.0907 0.6910
1304.6000 5.1229 0.6901
1309.7000 5.1257 0.6902
1314.8000 5.1863 0.6883
1319.9000 5.2095 0.6879
1325.0000 5.2268 0.6877
1330.1000 5.2892 0.6860
1335.2000 5.3091 0.6856
1340.3000 5.3303 0.6849
1345.4000 5.4083 0.6829
1350.5000 5.4375 0.6817
1355.6000 5.4494 0.6816
1360.7000 5.5179 0.6806
1365.8000 5.5468 0.6803
1370.9000 5.5468 0.6803
1376.0000 5.5734 0.6794
1381.1000 5.5837 0.6792
1386.2000 5.5948 0.6793
1391.3000 5.5976 0.6794
1396.4000 5.5998 0.6793
1401.5000 5.6473 0.6778
1406.6000 5.6754 0.6771
1411.7000 5.6891 0.6768
1416.8000 5.6983 0.6768
1421.9000 5.7762 0.6746
1427.0000 5.8020 0.6738
1432.1000 5.8483 0.6722
1437.2000 5.8773 0.6715
1442.3000 5.9067 0.6705
1447.4000 5.9258 0.6696
1452.5000 5.9624 0.6680
1457.6000 5.9844 0.6677
1462.7000 5.9914 0.6674
1467.8000 6.0624 0.6653
1472.9000 6.0916 0.6642
1478.0000 6.1062 0.6632
1483.1000 6.1225 0.6627
1488.2000 6.1609 0.6612
1493.3000 6.1750 0.6612
1498.4000 6.1934 0.6610
1503.5000 6.2041 0.6607
1508.6000 6.2063 0.6606
1513.7000 6.2436 0.6588
1518.8000 6.2586 0.6583
1523.9000 6.3109 0.6563
1529.0000 6.3248 0.6564
1534.1000 6.3397 0.6565
1539.2000 6.3626 0.6555
1544.3000 6.3757 0.6555
1549.4000 6.4029 0.6548
1554.5000 6.4154 0.6546
1559.6000 6.4154 0.6546
1564.7000 6.4275 0.6546
1569.8000 6.4437 0.6546
1574.9000 6.4456 0.6545
1580.0000 6.4509 0.6546
1585.1000 6.4635 0.6548
1590.2000 6.4767 0.6546
1595.3000 6.4919 0.6547
1600.4000 6.5194 0.6534
1605.5000 6.5291 0.6532
1610.6000 6.5360 0.6533
1615.7000 6.5678 0.6518
1620.8000 6.5899 0.6512
1625.9000 6.6097 0.6510
1631.0000 6.6217 0.6508
1636.1000 6.6453 0.6511
1641.2000 6.6689 0.6503
1646.3000 6.7086 0.6492
1651.4000 6.7303 0.6489
1656.5000 6.7451 0.6490
1661.6000 6.7604 0.6489
1666.7000 6.7604 0.6489
1671.8000 6.7822 0.6483
1676.9000 6.7888 0.6483
1682.0000 6.8133 0.6477
1687.1000 6.8294 0.6473
1692.2000 6.8464 0.6469
1697.3000 6.8592 0.6468
1702.4000 6.8791 0.6464
1707.5000 6.8972 0.6461
1712.6000 6.9127 0.6458
1717.7000 6.9326 0.6453
1722.8000 6.9314 0.6018
1727.9000 6.9724 0.6341
1733.0000 7.0056 0.6377
1738.1000 7.0528 0.6368
1743.2000 7.0980 0.6361
1748.3000 7.1086 0.6358
1753.4000 7.1234 0.6354
1758.5000 7.1292 0.5686
1763.6000 7.1651 0.5970
1768.7000 7.1799 0.6143
1773.8000 7.1789 0.5566
1778.9000 7.2483 0.6120
1784.0000 7.3034 0.6809
1789.1000 7.3316 0.6807
1794.2000 7.2965 0.5881
1799.3000 7.3538 0.5768
1804.4000 7.3660 0.5481
1809.5000 7.4186 0.6134
1814.6000 7.4010 0.5644
1819.7000 7.4425 0.6098
1824.8000 7.4301 0.5650
1829.9000 7.4917 0.6391
1835.0000 7.5060 0.6262
1840.1000 7.4778 0.5737
1845.2000 7.4944 0.5436
1850.3000 7.5417 0.6171
1855.4000 7.5873 0.6637
1860.5000 7.6029 0.6635
1865.6000 7.6132 0.6634
1870.7000 7.6302 0.6633
1875.8000 7.6572 0.6628
1880.9000 7.6678 0.6625
1886.0000 7.6840 0.6623
1891.1000 7.6503 0.5956
1896.2000 7.6510 0.5802
1901.3000 7.6844 0.6155
1906.4000 7.7627 0.7114
1911.5000 7.7860 0.7107
1916.6000 7.8133 0.7102
1921.7000 7.8210 0.7100
1926.8000 7.8313 0.7098
1931.9000 7.8437 0.7093
1937.0000 7.8633 0.7085
1942.1000 7.8745 0.7083
1947.2000 7.8948 0.7080
1952.3000 7.9160 0.7074
1957.4000 7.9209 0.7072
1962.5000 7.9407 0.7068
1967.6000 7.9544 0.7063
1972.7000 7.9689 0.7061
1977.8000 7.9800 0.7056
1982.9000 7.9800 0.7056
1988.0000 7.9824 0.7056
1993.1000 7.9914 0.7054
1998.2000 8.0104 0.7050
2003.3000 8.0237 0.7047
2008.4000 8.0371 0.7045
2013.5000 8.0516 0.7040
2018.6000 8.0617 0.7039
2023.7000 8.0745 0.7037
2028.8000 8.0957 0.7032
2033.9000 8.1095 0.7028
2039.0000 8.1187 0.7026
2044.1000 8.1329 0.7024
2049.2000 8.1512 0.7019
2054.3000 8.1752 0.7015
2059.4000 8.1842 0.7013
2064.5000 8.2031 0.7011
2069.6000 8.2255 0.7007
2074.7000 8.2488 0.7002
2079.8000 8.2698 0.6998
2084.9000 8.2865 0.6996
2090.0000 8.3437 0.6995
2095.1000 8.4067 0.6987
2100.2000 8.4171 0.6986
2105.3000 8.4371 0.6985
2110.4000 8.4476 0.6983
2115.5000 8.4628 0.6978
2120.6000 8.4816 0.6973
2125.7000 8.5101 0.6972
2130.8000 8.5284 0.6971
2135.9000 8.5356 0.6969
2141.0000 8.5574 0.6963
2146.1000 8.5796 0.6959
2151.2000 8.5900 0.6955
2156.3000 8.5175 0.5397
2161.4000 8.5342 0.5260
2166.5000 8.5532 0.5258
2171.6000 8.6523 0.6383
2176.7000 8.6510 0.5989
2181.8000 8.6706 0.5987
2186.9000 8.6854 0.5987
2192.0000 8.7028 0.5986
2197.1000 8.7234 0.5978
2202.2000 8.7811 0.6326
2207.3000 8.7285 0.5067
2212.4000 8.7656 0.5371
2217.5000 8.8015 0.5551
2222.6000 8.8340 0.5821
2227.7000 8.8236 0.5513
2232.8000 8.8672 0.5824
2237.9000 8.8968 0.6195
2243.0000 8.8832 0.5458
2248.1000 8.9453 0.6064
2253.2000 8.9603 0.6064
2258.3000 8.9676 0.6064
2263.4000 8.9902 0.6065
2268.5000 8.9818 0.5618
2273.6000 9.0129 0.5389
2278.7000 9.0484 0.5383
2283.8000 9.0828 0.5380
2288.9000 9.0854 0.5380
2294.0000 9.1188 0.5384
2299.1000 9.1237 0.5383
2304.2000 9.1342 0.5382
2309.3000 9.1549 0.5382
2314.4000 9.1676 0.5382
2319.5000 9.1777 0.5382
2324.6000 9.1995 0.5384
2329.7000 9.2097 0.5382
2334.8000 9.2395 0.5381
2339.9000 9.2476 0.5378
2345.0000 9.2553 0.5378
2350.1000 9.2578 0.5378
2355.2000 9.2732 0.5375
2360.3000 9.2955 0.5375
2365.4000 9.3111 0.5373
2370.5000 9.3184 0.5372
2375.6000 9.3355 0.5369
2380.7000 9.3442 0.5368
2385.8000 9.3542 0.5369
2390.9000 9.3694 0.5369
2396.0000 9.3906 0.5364
2401.1000 9.3953 0.5363
2406.2000 9.3992 0.5363
2411.3000 9.4076 0.5363
2416.4000 9.4369 0.5363
2421.5000 9.4489 0.5365
2426.6000 9.4684 0.5362
2431.7000 9.4762 0.5363
2436.8000 9.4901 0.5362
2441.9000 9.5066 0.5365
2447.0000 9.5230 0.5368
2452.1000 9.5361 0.5370
2457.2000 9.5454 0.5368
2462.3000 9.5607 0.5365
2467.4000 9.5654 0.5364
2472.5000 9.5758 0.5365
2477.6000 9.5922 0.5364
2482.7000 9.6078 0.5365
2487.8000 9.6263 0.5368
2492.9000 9.6547 0.5368
2498.0000 9.6653 0.5369
2503.1000 9.6681 0.5367
2508.2000 9.7367 0.6355
2513.3000 9.7074 0.5677
2518.4000 9.7057 0.5444
2523.5000 9.7359 0.5437
2528.6000 9.7239 0.5248
2533.7000 9.7853 0.5945
2538.8000 9.7951 0.5723
2543.9000 9.7972 0.5722
2549.0000 9.7993 0.5723
2554.1000 9.8135 0.5696
2559.2000 9.7836 0.5074
2564.3000 9.8557 0.6035
2569.4000 9.8622 0.5993
2574.5000 9.8460 0.5650
2579.6000 9.9187 0.6653
2584.7000 9.9384 0.6647
2589.8000 9.9462 0.6645
2594.9000 9.9590 0.6642
2600.0000 9.9664 0.6643
2605.1000 9.9685 0.6642
2610.2000 9.9333 0.5784
2615.3000 9.9350 0.5603
2620.4000 9.9682 0.6008
2625.5000 9.9748 0.5955
2630.6000 10.0338 0.6255
2635.7000 10.0460 0.6254
2640.8000 10.0926 0.6240
2645.9000 10.1201 0.6235
2651.0000 10.1443 0.6234
2656.1000 10.1819 0.6225
2661.2000 10.2019 0.6219
2666.3000 10.2192 0.6219
2671.4000 10.2311 0.6217
2676.5000 10.2421 0.6215
2681.6000 10.2729 0.6206
2686.7000 10.3161 0.6189
2691.8000 10.3333 0.6183
2696.9000 10.3411 0.6182
2702.0000 10.3592 0.6177
2707.1000 10.3781 0.6171
2712.2000 10.3965 0.6166
2717.3000 10.4227 0.6159
2722.4000 10.4390 0.6156
2727.5000 10.4460 0.6154
2732.6000 10.4648 0.6147
2737.7000 10.4834 0.6142
2742.8000 10.4852 0.6141
2747.9000 10.4942 0.6138
2753.0000 10.5029 0.6134
2758.1000 10.5276 0.6126
2763.2000 10.5525 0.6119
2768.3000 10.5544 0.6118
2773.4000 10.5605 0.6117
2778.5000 10.5719 0.6115
2783.6000 10.5827 0.6111
2788.7000 10.5910 0.6109
2793.8000 10.5910 0.6109
2798.9000 10.6070 0.6104
2804.0000 10.6524 0.6118
2809.1000 10.6592 0.5442
2814.2000 10.6664 0.5246
2819.3000 10.7213 0.5593
2824.4000 10.7506 0.5541
2829.5000 10.7945 0.5662
2834.6000 10.8755 0.5682
2839.7000 10.9229 0.5687
2844.8000 10.9925 0.5686
2849.9000 11.0193 0.5686
2855.0000 11.0659 0.5700
2860.1000 11.2055 0.6650
2865.2000 11.2217 0.5410
2870.3000 11.3334 0.5441
2875.4000 11.3833 0.5442
2880.5000 11.4986 0.5453
2885.6000 11.6050 0.5497
2890.7000 11.7539 0.5525
2895.8000 11.8375 0.5424
2900.9000 11.9081 0.5292
2906.0000 11.9953 0.5317
2911.1000 12.0640 0.5340
2916.2000 12.1479 0.5367
2921.3000 12.1810 0.5372
2926.4000 12.2113 0.5386
2931.5000 12.2348 0.5375
2936.6000 12.2810 0.5376
2941.7000 12.3314 0.5363
2946.8000 12.3862 0.5352
2951.9000 12.4387 0.5364
2957.0000 12.4878 0.5363
2962.1000 12.5024 0.5363
2967.2000 12.5409 0.5357
2972.3000 12.5829 0.5348
2977.4000 12.6178 0.5328
2982.5000 12.6815 0.5320
2987.6000 12.7210 0.5295
2992.7000 12.7423 0.5286
2997.8000 12.7549 0.5282
3002.9000 12.7697 0.5276
3008.0000 12.8189 0.5250
3013.1000 12.8431 0.5239
3018.2000 12.8549 0.5236
3023.3000 12.8855 0.5221
3028.4000 12.9290 0.5199
3033.5000 12.9637 0.5183
3038.6000 12.9909 0.5172
3043.7000 13.0302 0.5170
3048.8000 13.0632 0.5151
3053.9000 13.0783 0.5142
3059.0000 13.0825 0.5139
3064.1000 13.1083 0.5127
3069.2000 13.1340 0.5116
3074.3000 13.1540 0.5107
3079.4000 13.2098 0.5090
3084.5000 13.2185 0.5085
3089.6000 13.2273 0.5082
3094.7000 13.2623 0.5087
3099.8000 13.2936 0.5087
3104.9000 13.4209 0.6058
3110.0000 13.4103 0.5384
3115.1000 13.4540 0.5743
3120.2000 13.4060 0.4971
3125.3000 13.4336 0.5146
3130.4000 13.4902 0.5569
3135.5000 13.5706 0.6020
3140.6000 13.5837 0.5791
3145.7000 13.5962 0.5991
3150.8000 13.5677 0.5410
3155.9000 13.5845 0.5402
3161.0000 13.6140 0.5383
3166.1000 13.6659 0.5502
3171.2000 13.7218 0.5690
3176.3000 13.7008 0.5362
3181.4000 13.7008 0.5362
3186.5000 13.7249 0.5349
3191.6000 13.7517 0.5337
3196.7000 13.8496 0.5328
3201.8000 13.9007 0.5329
3206.9000 13.9060 0.5325
3212.0000 13.9086 0.5324
3217.1000 13.9330 0.5316
3222.2000 13.9475 0.5310
3227.3000 13.9615 0.5305
3232.4000 14.0214 0.5302
3237.5000 14.0614 0.5298
3242.6000 14.1400 0.5282
3247.7000 14.1921 0.5277
3252.8000 14.2093 0.5275
3257.9000 14.2472 0.5268
3263.0000 14.2868 0.5266
3268.1000 14.3064 0.5267
3273.2000 14.3241 0.5267
3278.3000 14.3863 0.5256
3283.4000 14.4566 0.5254
3288.5000 14.4976 0.5255
3293.6000 14.5081 0.5257
3298.7000 14.5623 0.5255
3303.8000 14.6206 0.5262
3308.9000 14.6813 0.5267
3314.0000 14.8062 0.5266
3319.1000 14.8099 0.5268
3324.2000 14.8361 0.5262
3329.3000 14.8848 0.5268
3334.4000 14.9067 0.5263
3339.5000 14.9067 0.5263
3344.6000 14.9359 0.5263
3349.7000 15.0013 0.5260
3354.8000 15.0522 0.5253
3359.9000 15.1137 0.5250
3365.0000 15.1402 0.5244
3370.1000 15.2186 0.5227
3375.2000 15.2161 0.5111
3380.3000 15.2346 0.5332
3385.4000 15.2741 0.5426
3390.5000 15.2783 0.5427
3395.6000 15.2783 0.5349
3400.7000 15.2950 0.5105
3405.8000 15.3518 0.5593
3410.9000 15.3625 0.5592
3416.0000 15.3719 0.5594
3421.1000 15.3323 0.4916
3426.2000 15.4436 0.6386
3431.3000 15.4572 0.6389
3436.4000 15.4732 0.6390
3441.5000 15.4482 0.5614
3446.6000 15.4912 0.6101
3451.7000 15.4964 0.6100
3456.8000 15.5151 0.6093
3461.9000 15.5458 0.6088
3467.0000 15.5939 0.6075
3472.1000 15.5530 0.4956
3477.2000 15.5615 0.4986
3482.3000 15.5684 0.5004
3487.4000 15.5792 0.5081
3492.5000 15.6402 0.5342
3497.6000 15.6505 0.5336
3502.7000 15.6691 0.5328
3507.8000 15.6859 0.5315
3512.9000 15.6938 0.5314
3518.0000 15.7125 0.5301
3523.1000 15.7231 0.5295
3528.2000 15.7257 0.5296
3533.3000 15.7283 0.5296
3538.4000 15.7492 0.5281
3543.5000 15.7551 0.5277
3548.6000 15.7708 0.5276
3553.7000 15.7955 0.5262
3558.8000 15.8180 0.5253
3563.9000 15.8313 0.5256
3569.0000 15.8487 0.5249
3574.1000 15.8735 0.5237
3579.2000 15.8887 0.5233
3584.3000 15.8975 0.5226
3589.4000 15.9042 0.5223
3594.5000 15.9335 0.5211
3599.6000 15.9744 0.5197
