5.1000 0.0000 0.0000
10.2000 0.0000 0.0000
15.3000 0.0000 0.0000
20.3000 0.0000 0.0000
25.3000 0.0000 0.0000
30.3000 0.0000 0.0000
35.3000 0.0865 0.0182
40.3000 0.0865 0.0182
45.3000 0.0865 0.0182
50.3000 0.0865 0.0182
55.3000 0.0865 0.0182
60.3000 0.2887 0.0676
65.4000 0.3898 0.0920
70.5000 0.3898 0.0920
75.6000 0.4763 0.1095
80.7000 0.6785 0.1573
85.8000 0.8804 0.2041
90.9000 1.1545 0.2602
96.0000 1.2409 0.2764
101.1000 1.2409 0.2764
106.2000 1.3274 0.2925
111.3000 1.4285 0.3148
116.4000 1.7453 0.3921
121.5000 1.8318 0.4073
126.6000 2.0194 0.4434
131.7000 2.0194 0.4434
136.8000 2.1205 0.4643
141.9000 2.1205 0.4643
147.0000 2.2174 0.5242
152.1000 2.2174 0.5242
157.2000 2.3904 0.5529
162.3000 2.4769 0.5670
167.4000 2.5634 0.5809
172.5000 2.8449 0.6313
177.6000 2.9314 0.6446
182.7000 3.0179 0.6578
187.8000 3.0179 0.6578
192.9000 3.0179 0.6578
198.0000 3.1044 0.6708
203.1000 3.2771 0.6963
208.2000 3.5365 0.7763
213.3000 3.5365 0.7763
218.4000 3.6230 0.7884
223.5000 3.8825 0.8239
228.6000 3.8825 0.8239
233.7000 4.1287 0.9642
238.8000 4.2152 0.9753
243.9000 4.2152 0.9753
249.0000 4.4746 1.0077
254.1000 4.7341 1.0388
259.1000 4.7341 1.0388
264.1000 5.0228 1.0791
269.1000 5.2797 1.1786
274.1000 5.6256 1.2142
279.1000 5.7121 1.2227
284.1000 6.0580 1.2553
289.1000 6.1433 1.2988
294.1000 6.6203 1.4314
299.1000 7.0514 1.4997
304.1000 7.3381 1.5186
309.1000 7.5111 1.6431
314.1000 7.7805 1.7022
319.1000 7.8670 1.7070
324.1000 8.1854 1.7444
329.1000 8.2989 1.7915
334.1000 8.8140 2.0414
339.1000 8.9857 2.0831
344.1000 9.2413 2.1982
349.1000 9.5111 2.2790
354.1000 9.6828 2.3183
359.1000 9.8751 2.3215
364.1000 10.1466 2.5115
369.1000 10.2318 2.5480
374.1000 10.9757 2.9170
379.1000 11.2732 2.9238
384.1000 11.5314 3.0171
389.1000 11.9925 3.1760
394.1000 12.2482 3.2758
399.1000 12.5263 3.4692
404.1000 13.4874 3.9571
409.1000 13.9994 4.1462
414.1000 14.7108 4.4095
419.1000 15.2569 4.7970
424.1000 15.7407 4.9484
429.1000 16.6060 5.4190
434.1000 17.2289 5.8804
439.1000 17.8748 6.0752
444.1000 18.5524 6.3608
449.1000 19.5588 6.9761
454.1000 20.1506 7.4501
459.1000 20.4134 7.4668
464.1000 20.8940 7.8113
469.1000 21.8477 8.3993
474.1000 22.4040 8.7170
479.1000 23.7563 9.4678
484.1000 24.4736 9.7639
489.1000 25.5543 10.3385
494.1000 25.8918 10.4038
499.1000 26.5587 10.2788
504.1000 27.6708 10.5997
509.1000 28.0884 10.7676
514.1000 28.5947 11.0586
519.1000 29.0363 11.4802
524.1000 29.4898 11.7020
529.1000 29.6462 11.4762
534.1000 30.1273 11.4858
539.1000 30.7966 11.7203
544.1000 31.0101 11.6791
549.1000 31.0998 11.2831
554.1000 30.6892 10.6871
559.1000 31.4451 10.9388
564.1000 32.5289 11.7385
569.1000 32.5506 11.6856
574.1000 33.2092 11.9157
579.1000 33.4152 12.0502
584.1000 33.5329 11.8281
589.1000 34.4370 12.3851
594.1000 34.8151 12.3129
599.1000 35.7639 12.6691
604.1000 36.1250 12.8746
609.1000 36.1433 12.6276
614.1000 36.6989 12.8989
619.1000 36.5350 12.4382
624.1000 38.0871 13.1294
629.1000 37.8449 12.7800
634.1000 38.6741 13.1176
639.1000 39.0926 12.9486
644.1000 39.7242 13.3127
649.1000 39.9520 13.4800
654.1000 40.1212 13.4295
659.1000 39.9729 13.2633
664.1000 40.5094 13.2221
669.1000 40.8804 13.3447
674.1000 42.1450 13.6447
679.1000 42.4144 13.4349
684.1000 43.1017 13.7719
689.1000 43.3731 13.9421
694.1000 43.9633 14.1527
699.1000 43.5947 13.9106
704.1000 44.1580 13.9740
709.1000 44.5231 14.0155
714.1000 45.1989 14.2500
719.1000 45.1888 14.0822
724.1000 45.2244 13.9058
729.1000 46.1147 14.0181
734.1000 45.9727 13.9706
739.1000 46.3783 14.0528
744.1000 46.6231 14.1560
749.1000 46.8191 14.1550
754.1000 47.1287 14.3259
759.1000 47.0010 14.2696
764.1000 47.4517 14.3395
769.1000 47.4399 14.1568
774.1000 47.5943 14.3216
779.1000 47.7253 14.0311
784.1000 48.0974 13.7958
789.1000 48.3282 13.8337
794.1000 48.4483 13.9464
799.1000 48.4133 13.8455
804.1000 49.2576 14.2104
809.1000 49.1839 14.1530
814.1000 48.9352 14.0358
819.1000 49.1829 14.1425
824.1000 49.0495 14.0757
829.1000 48.9045 13.9496
834.1000 48.9711 13.9189
839.1000 48.7360 13.8080
844.1000 48.5852 13.7922
849.1000 48.8003 13.9903
854.1000 49.0151 13.9078
859.1000 49.3734 14.0235
864.1000 49.2644 13.9786
869.1000 49.8534 14.3092
874.1000 50.0178 14.4448
879.1000 49.9162 14.2738
884.1000 49.9520 14.3227
889.1000 49.8895 14.2167
894.1000 49.5987 14.0804
899.1000 49.8986 14.1693
904.1000 50.1680 14.2607
909.1000 49.9127 14.0646
914.1000 49.8180 14.0674
919.1000 50.1757 14.3655
924.1000 50.2715 14.1913
929.1000 50.7815 14.5522
934.1000 51.8738 15.0171
939.1000 51.1275 14.7427
944.1000 52.1406 15.2224
949.1000 51.2572 14.9746
954.1000 51.7402 15.2422
959.1000 52.2710 15.3691
964.1000 52.1395 15.3342
969.1000 51.5964 15.1058
974.1000 52.0426 15.1902
979.1000 51.4082 14.9902
984.1000 51.8534 14.9081
989.1000 52.2526 15.1080
994.1000 51.6120 14.5458
999.1000 51.5589 14.4199
1004.1000 51.9034 14.4143
1009.1000 52.6226 14.4995
1014.1000 52.9840 14.8475
1019.1000 52.8331 14.6821
1024.1000 52.9700 14.7284
1029.2000 53.0850 14.7884
1034.3000 53.3566 14.9485
1039.4000 52.8549 14.5931
1044.5000 52.5543 14.3821
1049.6000 52.6974 14.3130
1054.7000 52.6187 14.1026
1059.8000 52.8762 14.0374
1064.9000 53.4928 14.3351
1070.0000 53.7598 14.5864
1075.1000 53.2266 14.0215
1080.2000 53.2585 13.9328
1085.3000 54.0584 14.0822
1090.4000 53.8824 13.7514
1095.5000 53.8600 13.3580
1100.6000 52.8445 12.8527
1105.7000 53.4641 13.0902
1110.8000 53.0709 13.0028
1115.9000 53.8383 13.0902
1121.0000 54.2478 12.8761
1126.1000 54.7339 13.0425
1131.2000 54.7630 13.0800
1136.3000 54.9035 12.7875
1141.4000 54.2049 12.6745
1146.5000 55.2718 12.8988
1151.6000 56.0858 12.9277
1156.7000 56.2301 12.9089
1161.8000 55.8295 12.6814
1166.9000 56.4439 12.7846
1172.0000 56.8787 12.6997
1177.1000 56.5473 12.2411
1182.2000 57.6953 12.4340
1187.3000 56.5243 11.9952
1192.4000 57.8469 11.6486
1197.5000 58.2282 11.4239
1202.6000 58.4348 11.2501
1207.7000 58.7309 11.2741
1212.8000 59.0897 11.1225
1217.9000 59.8960 11.0543
1223.0000 59.9683 11.0234
1228.1000 60.1354 11.0217
1233.2000 60.2652 10.9840
1238.3000 60.6269 11.0126
1243.4000 60.9264 10.9198
1248.5000 61.1829 11.0346
1253.6000 61.3263 10.9153
1258.7000 62.4784 10.7566
1263.8000 63.1695 10.3640
1268.9000 63.7398 9.9037
1274.0000 63.9816 9.7221
1279.1000 64.3032 9.8640
1284.2000 65.7303 8.9875
1289.3000 66.4995 8.7190
1294.4000 67.2706 8.2838
1299.5000 67.3492 8.3159
1304.6000 68.3161 8.1423
1309.7000 68.4048 7.5967
1314.8000 68.5057 7.6250
1319.9000 68.9573 7.4984
1325.0000 68.9239 7.2537
1330.1000 69.4428 7.1286
1335.2000 69.3946 7.0772
1340.3000 70.2040 7.0744
1345.4000 70.0617 6.6602
1350.5000 69.6615 6.5624
1355.6000 69.9673 6.5280
1360.7000 69.9879 6.3453
1365.8000 69.8897 6.3442
1370.9000 70.0667 6.2011
1376.0000 70.5973 5.7841
1381.1000 71.6744 5.6400
1386.2000 70.9863 5.3087
1391.3000 71.0403 5.2827
1396.4000 71.3111 5.2466
1401.5000 71.6515 5.0433
1406.6000 72.1201 4.9120
1411.7000 72.7125 5.0529
1416.8000 72.7106 4.8808
1421.9000 72.6479 4.8718
1427.0000 72.4057 4.8216
1432.1000 73.1070 4.6481
1437.2000 72.9435 4.5201
1442.3000 72.6396 4.2062
1447.4000 72.8985 4.2218
1452.5000 72.6622 4.2078
1457.6000 73.0139 3.7081
1462.7000 73.4208 3.9324
1467.8000 74.0983 3.8465
1472.9000 74.8250 3.5185
1478.0000 75.4408 3.3529
1483.1000 76.2111 2.9065
1488.2000 75.5455 2.8974
1493.3000 76.0325 2.9197
1498.4000 76.4591 2.6489
1503.5000 76.2039 2.6148
1508.6000 76.2369 2.6068
1513.7000 76.1806 2.4175
1518.8000 75.9921 2.4009
1523.9000 76.3005 2.4394
1529.0000 76.0761 2.3771
1534.1000 76.4434 2.4051
1539.2000 76.4508 2.4257
1544.3000 76.5591 2.3100
1549.4000 76.0989 2.2305
1554.5000 76.1650 2.1707
1559.6000 76.5259 2.0769
1564.7000 76.7965 2.0694
1569.8000 77.3203 2.0891
1574.9000 77.0092 2.0846
1580.0000 76.7509 2.0496
1585.1000 76.1957 2.1216
1590.2000 76.5595 1.9284
1595.3000 77.6056 2.0862
1600.4000 77.9411 2.0323
1605.5000 77.8641 2.0758
1610.6000 77.5332 2.0350
1615.7000 78.1586 2.0182
1620.8000 78.3115 2.0533
1625.9000 78.2627 1.9862
1631.0000 78.5465 2.1275
1636.1000 78.0539 2.1855
1641.2000 78.2844 2.0139
1646.3000 78.1521 2.0891
1651.4000 78.6524 2.1869
1656.5000 78.0006 2.1980
1661.6000 77.8134 2.0679
1666.7000 78.5543 2.1782
1671.8000 78.8869 2.2215
1676.9000 79.7519 2.2671
1682.0000 79.8400 2.3466
1687.1000 79.6506 2.2331
1692.2000 78.8934 2.3075
1697.3000 79.5529 2.2009
1702.4000 79.4333 2.1990
1707.5000 78.7667 2.1250
1712.6000 79.5679 2.1797
1717.7000 79.4824 2.1780
1722.8000 79.5472 2.2309
1727.9000 79.8282 2.1934
1733.0000 80.5685 2.1650
1738.1000 79.8677 2.2335
1743.2000 79.4432 2.2682
1748.3000 79.7527 2.3160
1753.4000 79.9978 2.1738
1758.5000 79.9784 2.2994
1763.6000 79.7433 2.2709
1768.7000 78.8328 2.3741
1773.8000 78.4734 2.3012
1778.9000 79.3686 2.1844
1784.0000 78.9359 2.3901
1789.1000 78.9800 2.4670
1794.2000 79.1804 2.3017
1799.3000 78.7148 2.1947
1804.4000 79.2074 2.2916
1809.5000 77.7565 2.3640
1814.6000 78.0580 2.3389
1819.7000 78.2273 2.2155
1824.8000 78.7735 2.2286
1829.9000 78.9256 2.2719
1835.0000 79.6195 2.1572
1840.1000 79.4917 2.1658
1845.2000 79.5553 2.1851
1850.3000 79.6046 2.1230
1855.4000 80.4497 2.0659
1860.5000 80.3835 2.0432
1865.6000 79.7811 2.2048
1870.7000 80.2425 2.1752
1875.8000 80.3282 2.1039
1880.9000 80.2088 2.2178
1886.0000 80.5893 2.0447
1891.1000 81.0940 2.0306
1896.2000 81.6931 1.9977
1901.3000 80.9576 2.0530
1906.4000 81.3386 2.0088
1911.5000 81.0118 2.0866
1916.6000 80.5324 1.9536
1921.7000 80.9881 1.9499
1926.8000 80.4440 2.0163
1931.9000 80.9300 2.0481
1937.0000 80.6970 2.1612
1942.1000 80.6038 2.1414
1947.2000 80.6968 2.1444
1952.3000 80.9981 2.1447
1957.4000 81.0711 2.1289
1962.5000 81.0085 2.0465
1967.6000 81.4516 2.0582
1972.7000 81.0331 2.0921
1977.8000 81.8048 2.0934
1982.9000 81.4175 2.1689
1988.0000 81.6051 1.9846
1993.1000 81.1385 2.1320
1998.2000 81.1282 2.0989
2003.3000 80.7755 2.2121
2008.4000 81.8183 2.0372
2013.5000 81.8382 2.1363
2018.6000 81.8091 2.1062
2023.7000 82.6249 2.0581
2028.8000 83.5043 1.9676
2033.9000 83.5050 1.8791
2039.0000 82.5613 1.9791
2044.1000 83.5070 1.8050
2049.2000 82.9275 1.9237
2054.3000 83.5746 1.9532
2059.4000 83.7136 1.7059
2064.5000 84.1054 1.6443
2069.6000 84.1234 1.6123
2074.7000 83.7016 1.7064
2079.8000 83.8913 1.7570
2084.9000 83.4378 1.7548
2090.0000 83.6553 1.7882
2095.1000 84.2893 1.7232
2100.2000 84.0646 1.8089
2105.3000 83.3724 1.8605
2110.4000 83.9047 1.7595
2115.5000 84.3523 1.6912
2120.6000 83.3529 1.8343
2125.7000 83.7962 1.8015
2130.8000 84.1465 1.6051
2135.9000 84.2666 1.6327
2141.0000 84.4608 1.5273
2146.1000 84.4834 1.5908
2151.2000 84.5436 1.6331
2156.3000 84.7843 1.6798
2161.4000 84.6588 1.5493
2166.5000 84.1162 1.6154
2171.6000 84.9109 1.5354
2176.7000 84.7355 1.5040
2181.8000 84.4321 1.5929
2186.9000 85.5527 1.4939
2192.0000 85.6546 1.4807
2197.1000 85.1259 1.4565
2202.2000 84.9451 1.4285
2207.3000 84.2425 1.6282
2212.4000 84.7020 1.4870
2217.5000 84.6343 1.5334
2222.6000 84.2942 1.4913
2227.7000 83.6243 1.5751
2232.8000 84.1385 1.5396
2237.9000 84.7708 1.5203
2243.0000 84.5591 1.5071
2248.1000 84.4380 1.5478
2253.2000 84.3716 1.5793
2258.3000 84.8770 1.5195
2263.4000 84.9885 1.4479
2268.5000 84.6945 1.4893
2273.6000 85.1073 1.5608
2278.7000 84.3124 1.6341
2283.8000 85.1624 1.3960
2288.9000 84.7223 1.4434
2294.0000 84.5809 1.4382
2299.1000 83.9245 1.5448
2304.2000 84.1946 1.4281
2309.3000 84.4831 1.4680
2314.4000 84.1345 1.4966
2319.5000 83.8860 1.6436
2324.6000 83.6073 1.5881
2329.7000 83.7936 1.4350
2334.8000 84.0692 1.5805
2339.9000 83.8138 1.6932
2345.0000 83.9872 1.4969
2350.1000 83.8481 1.4993
2355.2000 84.4879 1.4013
2360.3000 83.4084 1.5551
2365.4000 83.1046 1.5752
2370.5000 83.6017 1.6279
2375.6000 83.5157 1.6879
2380.7000 84.3234 1.4620
2385.8000 83.9629 1.5394
2390.9000 84.1483 1.5915
2396.0000 83.8503 1.7279
2401.1000 84.4988 1.6187
2406.2000 84.1665 1.5084
2411.3000 84.0116 1.5702
2416.4000 83.8135 1.6942
2421.5000 83.0383 1.7413
2426.6000 84.5458 1.4185
2431.7000 84.4885 1.5153
2436.8000 84.3855 1.4362
2441.9000 84.2645 1.5362
2447.0000 83.9115 1.6706
2452.1000 83.8212 1.6503
2457.2000 82.9517 1.8107
2462.3000 82.9416 1.7134
2467.4000 83.6236 1.6008
2472.5000 84.0831 1.6399
2477.6000 84.5503 1.5557
2482.7000 84.4737 1.4689
2487.8000 83.7812 1.5277
2492.9000 84.4644 1.5384
2498.0000 84.6209 1.3995
2503.1000 84.3938 1.5313
2508.2000 84.5978 1.4700
2513.3000 85.1437 1.4437
2518.4000 84.5032 1.4804
2523.5000 84.9629 1.2945
2528.6000 84.4395 1.3526
2533.7000 84.9803 1.3442
2538.8000 84.6171 1.4326
2543.9000 84.4532 1.4155
2549.0000 85.3985 1.3828
2554.1000 85.4213 1.4593
2559.2000 84.9194 1.5654
2564.3000 85.8061 1.3144
2569.4000 85.6905 1.3825
2574.5000 85.3110 1.3010
2579.6000 85.4519 1.3373
2584.7000 85.2414 1.3071
2589.8000 84.6408 1.4160
2594.9000 84.8088 1.4081
2600.0000 85.0516 1.3353
2605.1000 85.3344 1.3995
2610.2000 85.4568 1.3749
2615.3000 85.5716 1.2884
2620.4000 85.3567 1.3770
2625.5000 85.5804 1.1792
2630.6000 84.5587 1.5654
2635.7000 85.4422 1.3885
2640.8000 85.5384 1.4613
2645.9000 85.8029 1.3295
2651.0000 86.4185 1.3041
2656.1000 86.5517 1.2057
2661.2000 86.6265 1.1707
2666.3000 85.8193 1.2440
2671.4000 86.0027 1.2125
2676.5000 85.8517 1.2424
2681.6000 85.7078 1.2912
2686.7000 85.6432 1.4878
2691.8000 85.5232 1.4352
2696.9000 86.1458 1.2909
2702.0000 86.7730 1.1101
2707.1000 86.4681 1.2461
2712.2000 87.0030 1.1062
2717.3000 87.0653 1.1881
2722.4000 86.9794 1.2678
2727.5000 87.0712 1.1793
2732.6000 87.5739 1.2355
2737.7000 87.1847 1.1908
2742.8000 86.6160 1.3666
2747.9000 86.6235 1.3004
2753.0000 85.9193 1.2514
2758.1000 86.8970 1.0945
2763.2000 86.7068 1.1598
2768.3000 85.6520 1.3240
2773.4000 85.2386 1.2720
2778.5000 85.5180 1.2643
2783.6000 85.3812 1.2816
2788.7000 85.7908 1.3642
2793.8000 85.4960 1.3310
2798.9000 85.4731 1.3328
2804.0000 85.9207 1.3055
2809.1000 85.6319 1.3620
2814.2000 85.6233 1.3930
2819.3000 86.6974 1.2171
2824.4000 85.7142 1.4313
2829.5000 85.2959 1.5681
2834.6000 85.5230 1.4329
2839.7000 85.3251 1.6150
2844.8000 85.8843 1.5562
2849.9000 85.4212 1.5822
2855.0000 85.9084 1.4745
2860.1000 86.4549 1.3060
2865.2000 86.1427 1.3646
2870.3000 85.9851 1.3915
2875.4000 85.4730 1.4630
2880.5000 85.1745 1.5381
2885.6000 85.4570 1.5095
2890.7000 85.1713 1.4414
2895.8000 85.5099 1.4152
2900.9000 85.3319 1.3362
2906.0000 85.4900 1.2864
2911.1000 85.4371 1.3539
2916.2000 85.9299 1.1969
2921.3000 85.5901 1.2204
2926.4000 85.1474 1.2856
2931.5000 85.3718 1.3091
2936.6000 84.6706 1.4119
2941.7000 84.7009 1.4226
2946.8000 84.4574 1.3999
2951.9000 84.7324 1.4733
2957.0000 84.5453 1.4102
2962.1000 84.7090 1.4067
2967.2000 84.6184 1.4139
2972.3000 85.2661 1.2770
2977.4000 84.7689 1.4603
2982.5000 85.1756 1.3872
2987.6000 85.2868 1.3500
2992.7000 85.4395 1.3685
2997.8000 84.5391 1.5227
3002.9000 85.2954 1.2350
3008.0000 85.1415 1.3634
3013.1000 84.5291 1.3657
3018.2000 83.5774 1.4806
3023.3000 83.4729 1.4672
3028.4000 83.7061 1.4517
3033.5000 84.0855 1.5042
3038.6000 84.4363 1.3870
3043.7000 84.5890 1.4524
3048.8000 83.7978 1.4731
3053.9000 83.9296 1.4783
3059.0000 84.1928 1.5029
3064.1000 84.2784 1.4982
3069.2000 84.0014 1.6183
3074.3000 84.3702 1.4710
3079.4000 84.3285 1.5517
3084.5000 84.9423 1.4180
3089.6000 85.4142 1.2620
3094.7000 85.2129 1.2986
3099.8000 84.6891 1.4163
3104.9000 84.7861 1.4438
3110.0000 84.6701 1.3305
3115.1000 84.4953 1.4991
3120.2000 84.2220 1.4708
3125.3000 83.7440 1.4912
3130.4000 84.1277 1.6299
3135.5000 84.6481 1.4502
3140.6000 85.2076 1.2734
3145.7000 85.0338 1.3931
3150.8000 84.3386 1.4794
3155.9000 84.2953 1.4330
3161.0000 85.3420 1.2375
3166.1000 85.4064 1.2616
3171.2000 85.0726 1.3264
3176.3000 84.5475 1.4265
3181.4000 84.2907 1.4162
3186.5000 84.3829 1.3554
3191.6000 85.1303 1.3162
3196.7000 85.3978 1.3368
3201.8000 84.5642 1.3864
3206.9000 85.5582 1.2312
3212.0000 85.2157 1.3642
3217.1000 85.1214 1.3797
3222.2000 85.0495 1.3666
3227.3000 85.0293 1.3264
3232.4000 85.5258 1.3000
3237.5000 85.4830 1.3311
3242.6000 85.5347 1.2360
3247.7000 85.7921 1.2198
3252.8000 85.7223 1.2164
3257.9000 85.8091 1.1904
3263.0000 85.9161 1.1944
3268.1000 85.1823 1.4067
3273.2000 84.8824 1.3334
3278.3000 84.9824 1.2752
3283.4000 84.5369 1.3293
3288.5000 84.0860 1.4002
3293.6000 84.8073 1.2938
3298.7000 84.1864 1.3238
3303.8000 84.3801 1.4315
3308.9000 84.1276 1.5509
3314.0000 84.5767 1.4007
3319.1000 84.2196 1.5036
3324.2000 83.9757 1.5908
3329.3000 85.3379 1.3720
3334.4000 84.4367 1.4367
3339.5000 84.3357 1.5066
3344.6000 84.6177 1.4411
3349.7000 84.6420 1.5026
3354.8000 84.8938 1.3772
3359.9000 84.5857 1.5826
3365.0000 84.4883 1.5140
3370.1000 85.1569 1.4130
3375.2000 85.2646 1.3591
3380.3000 85.1464 1.3273
3385.4000 85.3045 1.3220
3390.5000 85.9359 1.2538
3395.6000 84.9512 1.4328
3400.7000 85.1551 1.4182
3405.8000 85.4487 1.3900
3410.9000 85.6013 1.3783
3416.0000 85.4577 1.3058
3421.1000 84.9370 1.3953
3426.2000 85.0984 1.3789
3431.3000 85.0311 1.3486
3436.4000 84.4094 1.4883
3441.5000 84.9344 1.3542
3446.6000 84.7378 1.3540
3451.7000 84.5139 1.3829
3456.8000 83.7241 1.4523
3461.9000 83.7225 1.5164
3467.0000 84.2726 1.4245
3472.1000 83.5560 1.5112
3477.2000 83.8455 1.5123
3482.3000 82.9685 1.6692
3487.4000 82.7879 1.6185
3492.5000 83.6956 1.5164
3497.6000 84.0164 1.3740
3502.7000 84.8351 1.3314
3507.8000 84.9238 1.3847
3512.9000 85.6472 1.1084
3518.0000 85.4421 1.2089
3523.1000 85.0385 1.2755
3528.2000 84.2232 1.6102
3533.3000 84.5128 1.5444
3538.4000 84.1375 1.5507
3543.5000 83.4770 1.6185
3548.6000 82.8048 1.6752
3553.7000 82.9291 1.6538
3558.8000 82.0618 1.8095
3563.9000 84.2826 1.4147
3569.0000 84.4410 1.3322
3574.1000 83.3985 1.5799
3579.2000 83.6030 1.5055
3584.3000 83.5377 1.4655
3589.4000 82.9652 1.6463
3594.5000 83.9119 1.4840
3599.6000 83.4738 1.4886
