5.1000 0.0000 0.0000
10.2000 0.0000 0.0000
15.3000 0.0000 0.0000
20.3000 0.0000 0.0000
25.3000 0.0000 0.0000
30.3000 0.0000 0.0000
35.3000 0.0865 0.0182
40.3000 0.2594 0.0543
45.3000 0.2594 0.0543
50.3000 0.2594 0.0543
55.3000 0.2594 0.0543
60.3000 0.5628 0.1270
65.4000 0.5628 0.1270
70.5000 0.6493 0.1442
75.6000 0.9952 0.2118
80.7000 1.2985 0.2800
85.8000 1.4858 0.3180
90.9000 1.8463 0.3860
96.0000 2.0193 0.4160
101.1000 2.1058 0.4307
106.2000 2.6247 0.5161
111.3000 3.0717 0.5890
116.4000 3.5615 0.6805
121.5000 3.7344 0.7045
126.6000 4.2680 0.7785
131.7000 4.2680 0.7785
136.8000 4.4555 0.8055
141.9000 4.8188 0.8458
147.0000 5.2616 0.9813
152.1000 5.5211 1.0083
157.2000 5.7805 1.0339
162.3000 6.1265 1.0660
167.4000 6.2129 1.0737
172.5000 6.4945 1.1495
177.6000 6.4945 1.1495
182.7000 6.5810 1.1565
187.8000 6.5810 1.1565
192.9000 6.6675 1.1634
198.0000 6.8405 1.1766
203.1000 7.0996 1.2319
208.2000 7.2726 1.2437
213.3000 7.2726 1.2437
218.4000 7.2726 1.2437
223.5000 7.3591 1.2494
228.6000 7.3591 1.2494
233.7000 7.5188 1.3673
238.8000 7.5188 1.3673
243.9000 7.6053 1.3725
249.0000 7.6918 1.3776
254.1000 7.6918 1.3776
259.1000 7.7929 1.3870
264.1000 7.8940 1.3962
269.1000 8.0644 1.5128
274.1000 8.1509 1.5171
279.1000 8.1509 1.5171
284.1000 8.3412 1.5231
289.1000 8.4264 1.5627
294.1000 9.0751 1.7558
299.1000 9.0751 1.7558
304.1000 9.2581 1.8043
309.1000 9.4410 1.8521
314.1000 9.4410 1.8521
319.1000 9.4410 1.8521
324.1000 9.5864 1.9378
329.1000 9.8703 2.1368
334.1000 10.3302 2.3830
339.1000 10.5006 2.4553
344.1000 10.7721 2.5304
349.1000 11.0419 2.6029
354.1000 11.1271 2.6379
359.1000 11.3281 2.7548
364.1000 11.5997 2.8967
369.1000 12.0542 3.0846
374.1000 12.3369 3.2388
379.1000 12.5480 3.2409
384.1000 12.9866 3.4129
389.1000 13.3612 3.6402
394.1000 13.7133 3.8105
399.1000 14.1619 4.0551
404.1000 14.9738 4.5442
409.1000 15.3993 4.6902
414.1000 16.2159 5.1191
419.1000 17.0448 5.5775
424.1000 17.4275 5.8075
429.1000 17.8316 5.9860
434.1000 19.3363 7.0512
439.1000 20.9030 8.0627
444.1000 21.2276 7.9282
449.1000 22.0477 8.6529
454.1000 22.4332 8.8383
459.1000 22.8991 8.9889
464.1000 23.3940 9.2793
469.1000 24.4633 9.8066
474.1000 25.4697 10.5163
479.1000 26.8658 11.3547
484.1000 27.3254 11.4976
489.1000 27.8986 11.7027
494.1000 28.5491 12.1036
499.1000 29.9283 12.4800
504.1000 30.6377 12.5927
509.1000 31.1699 12.7563
514.1000 31.3621 12.8711
519.1000 31.9314 13.4154
524.1000 32.1978 13.3568
529.1000 32.8274 13.3464
534.1000 33.5678 13.5595
539.1000 33.9734 13.4761
544.1000 34.2780 13.4718
549.1000 34.2557 13.2397
554.1000 34.3573 13.3184
559.1000 35.3708 13.5444
564.1000 35.4170 13.5012
569.1000 35.6203 13.5178
574.1000 36.0864 13.6425
579.1000 36.0619 13.5344
584.1000 36.5957 13.6097
589.1000 37.2329 13.6125
594.1000 37.6279 13.7433
599.1000 38.3015 13.8922
604.1000 38.9436 14.0865
609.1000 39.3388 14.1889
614.1000 39.6373 14.3438
619.1000 39.8263 14.1506
624.1000 40.4764 14.3454
629.1000 40.5903 14.3102
634.1000 41.2046 14.5521
639.1000 42.1602 14.4766
644.1000 42.7431 14.7525
649.1000 42.4621 14.4519
654.1000 42.8780 14.6864
659.1000 43.1632 14.5643
664.1000 43.6247 14.7499
669.1000 43.5105 14.5287
674.1000 44.5755 14.7359
679.1000 44.9814 14.7556
684.1000 45.2637 14.9176
689.1000 45.4032 14.9431
694.1000 45.8154 15.0713
699.1000 46.3768 15.3331
704.1000 46.7782 15.2468
709.1000 46.7422 15.1036
714.1000 47.2023 15.2466
719.1000 47.7236 15.2914
724.1000 48.0297 15.3804
729.1000 48.8999 15.4169
734.1000 48.7606 15.3045
739.1000 49.3622 15.4992
744.1000 49.5287 15.4245
749.1000 49.2174 15.1675
754.1000 49.5102 15.3451
759.1000 49.8007 15.5306
764.1000 49.7246 15.3387
769.1000 49.7730 15.2210
774.1000 50.2707 15.2745
779.1000 50.4961 15.2611
784.1000 51.0450 15.1706
789.1000 51.3081 15.1457
794.1000 51.2727 15.1814
799.1000 51.4493 15.0916
804.1000 51.9739 15.2982
809.1000 51.6161 15.1356
814.1000 51.9045 15.1988
819.1000 52.0934 15.3161
824.1000 52.5768 15.5643
829.1000 52.6308 15.5292
834.1000 52.8197 15.5994
839.1000 52.6388 15.5709
844.1000 52.3747 15.4460
849.1000 52.3117 15.4305
854.1000 52.7816 15.6100
859.1000 53.0268 15.6087
864.1000 52.3760 15.3074
869.1000 52.4349 15.2816
874.1000 53.1505 15.6198
879.1000 52.9539 15.4172
884.1000 52.7958 15.2998
889.1000 53.2808 15.4823
894.1000 53.1358 15.3966
899.1000 53.3048 15.4291
904.1000 53.3338 15.5315
909.1000 53.3712 15.3985
914.1000 53.7343 15.5829
919.1000 54.2409 15.8346
924.1000 54.0283 15.8032
929.1000 54.3934 15.9440
934.1000 54.3733 15.9406
939.1000 54.8165 16.2079
944.1000 55.0724 16.3302
949.1000 54.6054 16.1197
954.1000 54.7893 16.1817
959.1000 55.1035 16.2505
964.1000 55.0413 16.2744
969.1000 54.7738 16.1770
974.1000 55.6047 16.5063
979.1000 55.8159 16.3944
984.1000 56.2434 16.6226
989.1000 56.1840 16.6684
994.1000 56.3731 16.5099
999.1000 56.8631 16.4378
1004.1000 57.1720 16.6236
1009.1000 57.8395 16.6848
1014.1000 57.2430 16.4928
1019.1000 57.4884 16.5826
1024.1000 57.6760 16.6036
1029.2000 57.1506 16.3887
1034.3000 57.5156 16.3185
1039.4000 57.8607 16.3922
1044.5000 57.7958 16.4597
1049.6000 58.5780 16.2137
1054.7000 58.5003 16.1729
1059.8000 58.9598 16.1413
1064.9000 58.5417 16.0214
1070.0000 59.1784 15.9850
1075.1000 58.7139 15.7618
1080.2000 58.6806 15.7967
1085.3000 58.9006 15.4914
1090.4000 59.7771 14.8766
1095.5000 59.9938 14.8701
1100.6000 60.0663 15.0441
1105.7000 60.6013 15.1704
1110.8000 59.6437 14.9497
1115.9000 60.4198 14.5935
1121.0000 60.7439 14.4806
1126.1000 61.3175 14.6751
1131.2000 61.0725 14.6278
1136.3000 61.8243 14.6652
1141.4000 60.8813 14.4670
1146.5000 61.4886 14.0939
1151.6000 62.2556 13.8641
1156.7000 62.2278 13.7730
1161.8000 62.6271 13.8776
1166.9000 62.9243 13.5851
1172.0000 63.4411 13.6938
1177.1000 63.2696 13.3199
1182.2000 63.3228 13.3288
1187.3000 63.7612 12.8862
1192.4000 64.2455 12.5612
1197.5000 63.9200 12.3091
1202.6000 64.8778 11.9774
1207.7000 64.7977 11.9838
1212.8000 65.2938 11.7852
1217.9000 65.8185 11.3705
1223.0000 65.8449 11.1883
1228.1000 66.8801 11.4235
1233.2000 66.8896 11.3360
1238.3000 66.7079 11.2068
1243.4000 67.3664 11.1911
1248.5000 66.8907 11.1161
1253.6000 67.0472 10.9602
1258.7000 67.2712 10.7450
1263.8000 68.6497 9.6954
1268.9000 69.6944 9.1776
1274.0000 69.7118 9.1295
1279.1000 69.8885 8.8836
1284.2000 71.3530 8.1795
1289.3000 71.7667 7.9028
1294.4000 71.5362 7.9174
1299.5000 71.9400 7.9269
1304.6000 71.7587 7.5169
1309.7000 71.7601 7.1044
1314.8000 72.0001 7.0798
1319.9000 72.0478 6.9622
1325.0000 71.9404 6.8952
1330.1000 72.2686 6.7738
1335.2000 72.9199 6.8338
1340.3000 73.3880 6.7270
1345.4000 73.2384 6.3737
1350.5000 74.2533 6.3015
1355.6000 74.2087 6.2958
1360.7000 73.8312 6.3509
1365.8000 74.6316 6.0188
1370.9000 74.2603 6.0538
1376.0000 75.6898 5.3422
1381.1000 75.0273 5.3258
1386.2000 75.1945 4.7717
1391.3000 74.8518 4.7196
1396.4000 75.8502 4.7350
1401.5000 76.3095 4.4620
1406.6000 76.3065 4.5623
1411.7000 76.4658 4.6059
1416.8000 76.4856 4.3097
1421.9000 76.2726 4.3047
1427.0000 75.9428 4.3230
1432.1000 76.3459 4.0541
1437.2000 76.4755 4.0192
1442.3000 76.4913 3.7405
1447.4000 76.4078 3.7997
1452.5000 77.2004 3.6093
1457.6000 77.5200 3.4329
1462.7000 77.9344 3.4218
1467.8000 78.2600 3.2052
1472.9000 78.2073 2.9661
1478.0000 79.0262 2.7298
1483.1000 79.3949 2.4570
1488.2000 79.0384 2.5182
1493.3000 79.0392 2.5144
1498.4000 79.0863 2.2869
1503.5000 78.6928 2.1709
1508.6000 78.5032 1.8735
1513.7000 78.7867 2.0065
1518.8000 78.5045 1.9907
1523.9000 79.4052 1.9761
1529.0000 79.3602 1.9994
1534.1000 78.9364 1.9452
1539.2000 79.1050 1.8252
1544.3000 79.1326 1.7847
1549.4000 79.0169 1.6703
1554.5000 79.8716 1.5950
1559.6000 79.7445 1.5901
1564.7000 79.8695 1.6698
1569.8000 80.0777 1.6234
1574.9000 80.2402 1.6140
1580.0000 79.8375 1.6467
1585.1000 79.4436 1.6843
1590.2000 79.7291 1.6191
1595.3000 79.7662 1.5900
1600.4000 79.5127 1.6782
1605.5000 79.7665 1.6470
1610.6000 80.0384 1.5754
1615.7000 80.0555 1.5496
1620.8000 80.1378 1.5752
1625.9000 80.2223 1.5990
1631.0000 80.0741 1.5884
1636.1000 79.6930 1.6114
1641.2000 79.4922 1.6904
1646.3000 79.8718 1.5874
1651.4000 80.2151 1.6006
1656.5000 79.4004 1.6278
1661.6000 80.1220 1.6095
1666.7000 80.0353 1.6986
1671.8000 80.7630 1.6777
1676.9000 80.7295 1.6705
1682.0000 80.9406 1.6960
1687.1000 79.8897 1.6964
1692.2000 79.9443 1.7385
1697.3000 80.1667 1.6607
1702.4000 80.6265 1.5854
1707.5000 79.7026 1.6395
1712.6000 79.9337 1.6046
1717.7000 80.5150 1.6389
1722.8000 80.1396 1.7219
1727.9000 80.5606 1.5606
1733.0000 80.7749 1.5732
1738.1000 80.8063 1.6622
1743.2000 80.5165 1.6361
1748.3000 80.7354 1.7277
1753.4000 80.8264 1.7147
1758.5000 81.4416 1.7050
1763.6000 81.3675 1.7330
1768.7000 81.0695 1.8840
1773.8000 80.6911 1.8787
1778.9000 80.6743 1.7689
1784.0000 80.6973 1.9062
1789.1000 81.0397 1.8848
1794.2000 80.9939 1.9991
1799.3000 81.1826 1.9016
1804.4000 81.7034 1.8730
1809.5000 81.2872 2.0099
1814.6000 82.1517 1.9772
1819.7000 82.6045 1.8716
1824.8000 81.9543 1.9450
1829.9000 81.7795 1.9798
1835.0000 81.9290 1.9245
1840.1000 82.1496 1.9038
1845.2000 82.4180 1.8334
1850.3000 82.6035 1.7332
1855.4000 82.1757 1.8589
1860.5000 82.6489 1.6380
1865.6000 81.8739 1.7847
1870.7000 82.7042 1.6407
1875.8000 83.3042 1.6369
1880.9000 83.7725 1.6787
1886.0000 84.1469 1.5944
1891.1000 83.7153 1.6650
1896.2000 84.2769 1.5197
1901.3000 83.9190 1.6898
1906.4000 84.4410 1.5714
1911.5000 85.3834 1.5719
1916.6000 84.5167 1.5697
1921.7000 84.1852 1.7335
1926.8000 84.1754 1.6931
1931.9000 84.7111 1.6439
1937.0000 84.5888 1.5039
1942.1000 84.9574 1.5026
1947.2000 84.7778 1.6065
1952.3000 86.0432 1.5121
1957.4000 85.5501 1.6556
1962.5000 86.4408 1.4285
1967.6000 86.0571 1.5523
1972.7000 86.1849 1.4083
1977.8000 86.8775 1.2821
1982.9000 86.2865 1.3914
1988.0000 86.1266 1.4392
1993.1000 85.7262 1.4522
1998.2000 85.9509 1.4250
2003.3000 85.8123 1.5885
2008.4000 86.3963 1.3862
2013.5000 85.1480 1.5551
2018.6000 85.6693 1.4752
2023.7000 85.7624 1.3505
2028.8000 86.3384 1.3062
2033.9000 86.9506 1.1733
2039.0000 86.9536 1.1313
2044.1000 86.9521 1.1882
2049.2000 86.8862 1.2768
2054.3000 87.2375 1.3642
2059.4000 87.3582 1.2662
2064.5000 87.5778 1.2568
2069.6000 88.2703 1.0866
2074.7000 88.3268 1.1361
2079.8000 88.3555 1.0454
2084.9000 88.1936 1.0587
2090.0000 87.7070 1.1545
2095.1000 88.4706 0.9580
2100.2000 88.9587 0.9069
2105.3000 88.9462 0.9214
2110.4000 88.5513 1.0002
2115.5000 88.7966 0.9980
2120.6000 88.4721 0.9572
2125.7000 88.9750 0.9518
2130.8000 88.2798 1.0897
2135.9000 88.7348 0.9379
2141.0000 88.8805 0.8702
2146.1000 88.9124 0.9664
2151.2000 88.4296 1.0495
2156.3000 88.5323 0.9170
2161.4000 88.5660 0.9524
2166.5000 88.4184 0.8539
2171.6000 88.5555 0.7252
2176.7000 88.3870 0.8598
2181.8000 88.2924 0.8214
2186.9000 88.0559 0.7689
2192.0000 87.9371 0.8985
2197.1000 88.7381 0.6496
2202.2000 88.2878 0.7318
2207.3000 87.8645 0.8188
2212.4000 88.6286 0.7449
2217.5000 89.0276 0.7330
2222.6000 88.9211 0.7196
2227.7000 87.4473 1.0560
2232.8000 88.6749 0.6996
2237.9000 88.8274 0.6366
2243.0000 88.4552 0.6957
2248.1000 88.4591 0.6189
2253.2000 88.5650 0.5963
2258.3000 88.8813 0.5456
2263.4000 88.6968 0.6047
2268.5000 88.8277 0.6080
2273.6000 88.7101 0.6668
2278.7000 88.2136 0.8652
2283.8000 88.4309 0.7584
2288.9000 88.5479 0.7208
2294.0000 88.0844 0.8342
2299.1000 88.6325 0.7746
2304.2000 88.7190 0.8712
2309.3000 88.7854 0.7125
2314.4000 87.7415 0.9224
2319.5000 88.2180 0.7536
2324.6000 88.1087 0.7610
2329.7000 88.0015 0.8203
2334.8000 88.3243 0.6815
2339.9000 88.3113 0.7610
2345.0000 88.4011 0.6691
2350.1000 88.8616 0.6041
2355.2000 88.0204 0.8415
2360.3000 87.7513 0.8308
2365.4000 88.0831 0.9356
2370.5000 89.0257 0.9281
2375.6000 88.8999 0.8767
2380.7000 88.3457 0.8904
2385.8000 87.4469 1.0225
2390.9000 87.6526 1.0053
2396.0000 88.0935 0.8104
2401.1000 87.8953 0.8028
2406.2000 87.6806 0.8770
2411.3000 87.5115 0.9167
2416.4000 88.5252 0.6970
2421.5000 89.0741 0.6347
2426.6000 89.3593 0.6334
2431.7000 89.6816 0.6704
2436.8000 88.9312 0.7664
2441.9000 88.4093 0.7496
2447.0000 88.4509 0.8997
2452.1000 88.5731 0.7984
2457.2000 88.4371 0.7454
2462.3000 88.2177 0.9560
2467.4000 88.6087 0.8134
2472.5000 88.1244 0.9715
2477.6000 88.4256 0.8985
2482.7000 88.2124 0.9618
2487.8000 89.1453 0.7829
2492.9000 88.9318 0.8862
2498.0000 89.2494 0.6680
2503.1000 89.2453 0.7051
2508.2000 88.7354 1.0037
2513.3000 88.9483 0.9203
2518.4000 88.9683 0.8473
2523.5000 89.2766 0.8536
2528.6000 88.6032 1.1755
2533.7000 88.8536 1.0263
2538.8000 88.5029 0.9704
2543.9000 88.3540 0.9991
2549.0000 88.9756 0.7408
2554.1000 89.0331 0.7398
2559.2000 88.8985 0.7976
2564.3000 88.9850 0.7949
2569.4000 88.8780 0.9240
2574.5000 89.0742 0.7225
2579.6000 89.4244 0.5709
2584.7000 89.2569 0.6730
2589.8000 88.9053 0.7933
2594.9000 89.0017 0.7266
2600.0000 88.9828 0.7526
2605.1000 89.0969 0.8007
2610.2000 89.5906 0.7646
2615.3000 90.2065 0.6848
2620.4000 90.0928 0.7156
2625.5000 89.3402 0.9140
2630.6000 89.4394 0.8333
2635.7000 89.5006 0.7871
2640.8000 89.1439 0.8080
2645.9000 89.3960 0.8008
2651.0000 89.4201 0.7441
2656.1000 88.5836 0.8896
2661.2000 88.8647 0.7539
2666.3000 88.3278 0.9815
2671.4000 89.6032 0.6621
2676.5000 88.2836 1.1279
2681.6000 88.8148 0.9861
2686.7000 88.7605 1.0237
2691.8000 88.4410 0.9831
2696.9000 89.5925 0.7527
2702.0000 88.7654 1.0033
2707.1000 89.3467 0.9509
2712.2000 89.7107 0.7186
2717.3000 89.8361 0.7994
2722.4000 89.4616 0.9411
2727.5000 89.7375 0.7915
2732.6000 89.1378 0.9841
2737.7000 89.3994 0.8437
2742.8000 89.1521 0.9490
2747.9000 88.5755 0.9771
2753.0000 88.7250 1.0137
2758.1000 89.4736 0.7602
2763.2000 89.9473 0.7320
2768.3000 89.0147 0.9909
2773.4000 88.7550 0.9912
2778.5000 89.4697 0.8116
2783.6000 88.8303 0.8515
2788.7000 88.2038 1.0016
2793.8000 88.8504 0.8713
2798.9000 89.2803 0.9118
2804.0000 89.0132 1.0104
2809.1000 88.9737 0.9464
2814.2000 90.1641 0.7556
2819.3000 90.0072 0.7338
2824.4000 89.7414 0.8774
2829.5000 88.9940 1.1643
2834.6000 89.4727 0.9803
2839.7000 89.2955 0.9005
2844.8000 89.2537 0.9215
2849.9000 89.0507 1.0253
2855.0000 89.3159 0.9682
2860.1000 89.6224 0.9669
2865.2000 89.0608 1.0431
2870.3000 89.8224 0.8986
2875.4000 89.3371 0.9567
2880.5000 89.2415 0.9367
2885.6000 88.9224 1.0076
2890.7000 89.4726 0.9025
2895.8000 88.9912 1.0058
2900.9000 89.1850 0.8682
2906.0000 89.0867 0.9694
2911.1000 88.6149 1.0273
2916.2000 89.2443 0.8554
2921.3000 88.8624 0.8813
2926.4000 88.4258 1.1202
2931.5000 87.6981 1.2384
2936.6000 88.4132 1.0227
2941.7000 88.4566 0.9717
2946.8000 88.0685 1.1130
2951.9000 88.9222 0.8273
2957.0000 88.8396 0.9054
2962.1000 88.5609 0.9791
2967.2000 88.7776 0.9935
2972.3000 88.8461 0.9525
2977.4000 88.0938 1.1576
2982.5000 88.1792 1.0287
2987.6000 88.7346 0.8832
2992.7000 88.7407 0.9113
2997.8000 88.4998 0.8578
3002.9000 88.5332 0.7387
3008.0000 88.2021 0.8855
3013.1000 88.0524 0.9751
3018.2000 88.0543 1.0134
3023.3000 88.4038 0.9706
3028.4000 87.9995 0.9102
3033.5000 87.9666 0.9429
3038.6000 87.8506 0.9705
3043.7000 87.6965 0.9546
3048.8000 86.4950 1.0824
3053.9000 86.8955 1.1678
3059.0000 87.4753 1.0709
3064.1000 87.2349 1.0718
3069.2000 87.5418 0.9798
3074.3000 87.0835 1.0519
3079.4000 88.2605 0.8862
3084.5000 88.6167 0.7058
3089.6000 87.5636 0.8883
3094.7000 87.7134 0.8627
3099.8000 87.4480 0.7848
3104.9000 88.0227 0.7209
3110.0000 87.9081 0.7340
3115.1000 87.8771 0.8385
3120.2000 88.1021 0.7473
3125.3000 88.4460 0.7406
3130.4000 87.9192 0.8382
3135.5000 87.9976 0.8195
3140.6000 87.7352 0.9951
3145.7000 88.2080 0.7806
3150.8000 87.9431 0.8447
3155.9000 87.7046 0.9185
3161.0000 87.2417 1.0218
3166.1000 87.5897 0.9054
3171.2000 87.5682 0.9717
3176.3000 87.8041 0.9039
3181.4000 87.6737 0.7955
3186.5000 87.1652 0.9445
3191.6000 86.6272 1.1748
3196.7000 87.7508 0.7615
3201.8000 87.6860 0.8173
3206.9000 87.4832 0.9905
3212.0000 87.2881 0.9795
3217.1000 87.1834 0.9836
3222.2000 86.9006 1.0904
3227.3000 88.2593 0.7600
3232.4000 88.2424 0.7074
3237.5000 87.6866 0.9714
3242.6000 88.6540 0.7748
3247.7000 89.1227 0.6401
3252.8000 89.0168 0.7353
3257.9000 88.5526 0.8583
3263.0000 88.3525 1.0216
3268.1000 88.1329 1.0937
3273.2000 88.3205 1.0819
3278.3000 87.7148 1.1396
3283.4000 88.2524 0.9300
3288.5000 88.6512 0.9179
3293.6000 89.0003 0.8149
3298.7000 88.8707 0.9989
3303.8000 89.1633 1.1203
3308.9000 89.3004 1.0630
3314.0000 89.4021 0.9067
3319.1000 89.1499 0.9618
3324.2000 89.6369 0.7722
3329.3000 90.0270 0.6979
3334.4000 88.6840 1.0744
3339.5000 89.0571 0.8828
3344.6000 89.3936 0.8195
3349.7000 89.4496 0.8078
3354.8000 89.1081 0.8609
3359.9000 89.5248 0.7613
3365.0000 89.3540 0.7738
3370.1000 90.0618 0.6318
3375.2000 89.3331 0.9518
3380.3000 89.2142 0.9913
3385.4000 89.7079 0.7296
3390.5000 89.0566 0.8366
3395.6000 88.8672 0.9178
3400.7000 89.2201 0.7328
3405.8000 88.4579 0.9767
3410.9000 88.5078 0.9221
3416.0000 88.5458 0.9200
3421.1000 89.0072 0.8589
3426.2000 89.0233 0.8156
3431.3000 89.5760 0.7054
3436.4000 89.0737 0.7868
3441.5000 89.2595 0.7787
3446.6000 89.0737 0.8285
3451.7000 88.6838 1.0496
3456.8000 88.7088 1.1212
3461.9000 88.8005 1.0234
3467.0000 88.7193 1.1449
3472.1000 89.3311 0.9272
3477.2000 88.5010 1.1169
3482.3000 87.8925 1.2456
3487.4000 87.7606 1.2783
3492.5000 88.8880 1.0666
3497.6000 89.1475 0.9933
3502.7000 88.9783 0.9762
3507.8000 89.1141 0.9511
3512.9000 89.4942 0.9629
3518.0000 89.0328 0.9171
3523.1000 89.4894 0.6786
3528.2000 88.8393 0.8075
3533.3000 88.9327 0.8599
3538.4000 88.3482 1.0277
3543.5000 88.6456 0.9250
3548.6000 88.2382 1.1024
3553.7000 88.5402 0.9561
3558.8000 88.4700 0.9518
3563.9000 88.7772 0.8687
3569.0000 88.6980 0.9174
3574.1000 88.4874 1.1107
3579.2000 87.3720 1.2495
3584.3000 88.5161 1.1041
3589.4000 89.3453 1.0130
3594.5000 90.0892 0.8706
3599.6000 90.1963 0.8012
