5.1000 0.0000 0.0000
10.2000 0.0000 0.0000
15.3000 0.0000 0.0000
20.3000 0.0000 0.0000
25.3000 0.0000 0.0000
30.3000 0.0000 0.0000
35.3000 0.0003 0.0000
40.3000 0.0003 0.0000
45.3000 0.0003 0.0000
50.3000 0.0003 0.0000
55.3000 0.0003 0.0000
60.3000 0.0008 0.0000
65.4000 0.0008 0.0000
70.5000 0.0008 0.0000
75.6000 0.0008 0.0000
80.7000 0.0008 0.0000
85.8000 0.0012 0.0000
90.9000 0.0012 0.0000
96.0000 0.0012 0.0000
101.1000 0.0012 0.0000
106.2000 0.0012 0.0000
111.3000 0.0012 0.0000
116.4000 0.0017 0.0000
121.5000 0.0017 0.0000
126.6000 0.0017 0.0000
131.7000 0.0017 0.0000
136.8000 0.0034 0.0000
141.9000 0.0078 0.0000
147.0000 0.0118 0.0000
152.1000 0.0130 0.0000
157.2000 0.0158 0.0001
162.3000 0.0177 0.0001
167.4000 0.0189 0.0001
172.5000 0.0220 0.0001
177.6000 0.0228 0.0001
182.7000 0.0261 0.0001
187.8000 0.0305 0.0001
192.9000 0.0345 0.0001
198.0000 0.0420 0.0002
203.1000 0.0458 0.0002
208.2000 0.0478 0.0002
213.3000 0.0567 0.0006
218.4000 0.0603 0.0006
223.5000 0.0653 0.0007
228.6000 0.0700 0.0007
233.7000 0.0822 0.0008
238.8000 0.0966 0.0009
243.9000 0.1057 0.0010
249.0000 0.1170 0.0011
254.1000 0.1235 0.0012
259.1000 0.1345 0.0013
264.1000 0.1564 0.0033
269.1000 0.1884 0.0089
274.1000 0.2058 0.0092
279.1000 0.2528 0.0182
284.1000 0.2674 0.0184
289.1000 0.2811 0.0186
294.1000 0.3230 0.0302
299.1000 0.3457 0.0352
304.1000 0.3645 0.0355
309.1000 0.3886 0.0421
314.1000 0.4129 0.0480
319.1000 0.4274 0.0483
324.1000 0.4628 0.0625
329.1000 0.4792 0.0628
334.1000 0.5038 0.0632
339.1000 0.5215 0.0636
344.1000 0.5518 0.0643
349.1000 0.5779 0.0647
354.1000 0.6023 0.0652
359.1000 0.6142 0.0654
364.1000 0.6316 0.0657
369.1000 0.6540 0.0661
374.1000 0.6729 0.0663
379.1000 0.6889 0.0666
384.1000 0.7091 0.0670
389.1000 0.7247 0.0673
394.1000 0.7524 0.0678
399.1000 0.7707 0.0681
404.1000 0.7953 0.0685
409.1000 0.8213 0.0691
414.1000 0.8380 0.0694
419.1000 0.8541 0.0697
424.1000 0.8666 0.0699
429.1000 0.9434 0.0956
434.1000 0.9753 0.1134
439.1000 0.9919 0.1138
444.1000 1.0956 0.1567
449.1000 1.1266 0.1740
454.1000 1.1481 0.1744
459.1000 1.1600 0.1747
464.1000 1.1666 0.1749
469.1000 1.1817 0.1753
474.1000 1.2008 0.1759
479.1000 1.2281 0.1902
484.1000 1.2506 0.2019
489.1000 1.2791 0.2172
494.1000 1.3034 0.2178
499.1000 1.3312 0.2183
504.1000 1.3586 0.2189
509.1000 1.3863 0.2197
514.1000 1.4099 0.2203
519.1000 1.4353 0.2206
524.1000 1.4683 0.2210
529.1000 1.5070 0.2216
534.1000 1.5510 0.2224
539.1000 1.6135 0.2231
544.1000 1.7101 0.2329
549.1000 1.8045 0.2334
554.1000 1.8919 0.2437
559.1000 1.9547 0.2442
564.1000 2.0298 0.2442
569.1000 2.0791 0.2442
574.1000 2.1800 0.2626
579.1000 2.3024 0.2949
584.1000 2.4180 0.3848
589.1000 2.4954 0.4028
594.1000 2.5349 0.3792
599.1000 2.5927 0.3912
604.1000 2.6440 0.3836
609.1000 2.6655 0.3799
614.1000 2.7217 0.4019
619.1000 2.7578 0.4018
624.1000 2.7725 0.3794
629.1000 2.8185 0.3791
634.1000 2.8576 0.3916
639.1000 2.8747 0.3921
644.1000 2.9073 0.3958
649.1000 2.9408 0.4115
654.1000 2.9652 0.4119
659.1000 2.9845 0.4121
664.1000 2.9995 0.4124
669.1000 3.0144 0.4128
674.1000 3.0285 0.4133
679.1000 3.0405 0.4137
684.1000 3.0607 0.4145
689.1000 3.0783 0.4150
694.1000 3.0866 0.4152
699.1000 3.1130 0.4163
704.1000 3.1401 0.4170
709.1000 3.1591 0.4177
714.1000 3.1845 0.4186
719.1000 3.2095 0.4196
724.1000 3.2282 0.4202
729.1000 3.2505 0.4211
734.1000 3.2653 0.4218
739.1000 3.2864 0.4224
744.1000 3.3067 0.4231
749.1000 3.3491 0.4258
754.1000 3.3889 0.4336
759.1000 3.5162 0.5522
764.1000 3.5526 0.5524
769.1000 3.5779 0.5434
774.1000 3.6093 0.5495
779.1000 3.6412 0.5590
784.1000 3.6820 0.5668
789.1000 3.7155 0.5574
794.1000 3.7405 0.5470
799.1000 3.7860 0.5610
804.1000 3.8159 0.5565
809.1000 3.8492 0.5521
814.1000 3.8827 0.5667
819.1000 3.9173 0.5573
824.1000 4.1126 0.7173
829.1000 4.1513 0.7294
834.1000 4.1876 0.7351
839.1000 4.1968 0.7117
844.1000 4.2339 0.7182
849.1000 4.2708 0.7310
854.1000 4.2867 0.7255
859.1000 4.3045 0.7216
864.1000 4.3259 0.7230
869.1000 4.3490 0.7167
874.1000 4.3774 0.7390
879.1000 4.4007 0.7395
884.1000 4.4225 0.7250
889.1000 4.4470 0.7262
894.1000 4.4638 0.7337
899.1000 4.4688 0.7289
904.1000 4.4807 0.7305
909.1000 4.5251 0.7510
914.1000 4.5577 0.7511
919.1000 4.5871 0.7376
924.1000 4.6136 0.7306
929.1000 4.6553 0.7515
934.1000 4.8160 0.8797
939.1000 4.8478 0.8799
944.1000 4.8862 0.8797
949.1000 4.9127 0.8852
954.1000 4.9338 0.8659
959.1000 4.9824 0.8679
964.1000 5.0328 0.8764
969.1000 5.0752 0.8767
974.1000 5.1252 0.8852
979.1000 5.1919 0.8774
984.1000 5.2527 0.8621
989.1000 5.3088 0.8754
994.1000 5.3746 0.8739
999.1000 5.4243 0.8639
1004.1000 5.4873 0.8736
1009.1000 5.5560 0.8612
1014.1000 5.6326 0.8624
1019.1000 5.7081 0.8597
1024.1000 5.7726 0.8631
1029.2000 5.8209 0.8655
1034.3000 5.9011 0.8613
1039.4000 5.9633 0.8589
1044.5000 6.0209 0.8560
1049.6000 6.0814 0.8526
1054.7000 6.1327 0.8513
1059.8000 6.1773 0.8497
1064.9000 6.2293 0.8480
1070.0000 6.2847 0.8446
1075.1000 6.3374 0.8427
1080.2000 6.3949 0.8400
1085.3000 6.4619 0.8358
1090.4000 6.4970 0.8343
1095.5000 6.6936 0.9577
1100.6000 6.7579 0.9654
1105.7000 6.8594 1.0301
1110.8000 6.9166 1.0362
1115.9000 6.9746 1.0175
1121.0000 7.0620 1.0606
1126.1000 7.0961 1.0493
1131.2000 7.2302 1.1068
1136.3000 7.3163 1.1527
1141.4000 7.3775 1.1567
1146.5000 7.4300 1.1621
1151.6000 7.4634 1.1603
1156.7000 7.5140 1.1544
1161.8000 7.5660 1.1773
1166.9000 7.5850 1.1490
1172.0000 7.6046 1.1255
1177.1000 7.6540 1.1571
1182.2000 7.6821 1.1566
1187.3000 7.7218 1.1699
1192.4000 7.7599 1.1684
1197.5000 7.8052 1.1995
1202.6000 7.8464 1.2055
1207.7000 7.8740 1.2089
1212.8000 7.9066 1.2085
1217.9000 7.9333 1.2091
1223.0000 7.9576 1.2188
1228.1000 7.9749 1.2154
1233.2000 8.0039 1.2170
1238.3000 8.0217 1.2170
1243.4000 8.0422 1.2178
1248.5000 8.0563 1.2197
1253.6000 8.0585 1.1959
1258.7000 8.0882 1.1889
1263.8000 8.1126 1.1970
1268.9000 8.1402 1.1918
1274.0000 8.1643 1.1905
1279.1000 8.2247 1.2082
1284.2000 8.2408 1.1735
1289.3000 8.2840 1.1913
1294.4000 8.3304 1.2025
1299.5000 8.3422 1.1655
1304.6000 8.4254 1.2340
1309.7000 8.4777 1.2507
1314.8000 8.5080 1.2469
1319.9000 8.5544 1.2456
1325.0000 8.5903 1.2526
1330.1000 8.6155 1.2420
1335.2000 8.6565 1.2632
1340.3000 8.6761 1.2349
1345.4000 8.7138 1.2567
1350.5000 8.7410 1.2483
1355.6000 8.8032 1.2942
1360.7000 8.8391 1.3063
1365.8000 8.8684 1.3092
1370.9000 8.9067 1.3079
1376.0000 8.9659 1.3151
1381.1000 8.9987 1.3299
1386.2000 9.0201 1.3265
1391.3000 9.0218 1.2861
1396.4000 9.0690 1.3064
1401.5000 9.1344 1.3230
1406.6000 9.1713 1.3128
1411.7000 9.2193 1.3122
1416.8000 9.2434 1.2937
1421.9000 9.2837 1.2925
1427.0000 9.3765 1.3204
1432.1000 9.4869 1.3566
1437.2000 9.5603 1.3248
1442.3000 9.6466 1.3123
1447.4000 9.7456 1.3315
1452.5000 9.8120 1.2855
1457.6000 9.9439 1.3111
1462.7000 10.0076 1.2943
1467.8000 10.0684 1.2843
1472.9000 10.1518 1.2866
1478.0000 10.1868 1.2855
1483.1000 10.2430 1.2784
1488.2000 10.2957 1.2442
1493.3000 10.3521 1.2441
1498.4000 10.4128 1.2511
1503.5000 10.4476 1.2632
1508.6000 10.4984 1.2593
1513.7000 10.5327 1.2899
1518.8000 10.5614 1.2813
1523.9000 10.5816 1.2832
1529.0000 10.6138 1.3020
1534.1000 10.6312 1.3018
1539.2000 10.6469 1.3020
1544.3000 10.6703 1.3019
1549.4000 10.6968 1.3006
1554.5000 10.7137 1.3012
1559.6000 10.7067 1.2736
1564.7000 10.7372 1.2891
1569.8000 10.7491 1.2895
1574.9000 10.7665 1.2871
1580.0000 10.7868 1.2830
1585.1000 10.8226 1.2860
1590.2000 10.8549 1.2793
1595.3000 10.8663 1.2768
1600.4000 10.8853 1.2569
1605.5000 10.9094 1.2274
1610.6000 10.9488 1.2624
1615.7000 10.9635 1.2470
1620.8000 10.9852 1.2506
1625.9000 11.0083 1.2725
1631.0000 11.0351 1.2665
1636.1000 11.0777 1.2869
1641.2000 11.1006 1.2648
1646.3000 11.1248 1.2338
1651.4000 11.1720 1.2306
1656.5000 11.2274 1.2378
1661.6000 11.2927 1.2558
1666.7000 11.3456 1.2581
1671.8000 11.3604 1.2292
1676.9000 11.4369 1.2733
1682.0000 11.4968 1.2651
1687.1000 11.5868 1.3020
1692.2000 11.6298 1.2625
1697.3000 11.7141 1.2925
1702.4000 11.7694 1.2807
1707.5000 11.8532 1.2846
1712.6000 11.9088 1.2604
1717.7000 12.0009 1.2807
1722.8000 12.0711 1.3071
1727.9000 12.1419 1.2921
1733.0000 12.2297 1.3046
1738.1000 12.3124 1.3197
1743.2000 12.3317 1.2594
1748.3000 12.3956 1.2868
1753.4000 12.4529 1.3072
1758.5000 12.4985 1.2795
1763.6000 12.5667 1.2909
1768.7000 12.6146 1.2719
1773.8000 12.6882 1.2964
1778.9000 12.7122 1.2767
1784.0000 12.7635 1.2900
1789.1000 12.8096 1.2832
1794.2000 12.8754 1.2850
1799.3000 12.9327 1.3031
1804.4000 12.9799 1.2836
1809.5000 13.0361 1.2866
1814.6000 13.0881 1.2896
1819.7000 13.1371 1.2832
1824.8000 13.1911 1.2783
1829.9000 13.2411 1.2770
1835.0000 13.3090 1.2753
1840.1000 13.3566 1.2823
1845.2000 13.4033 1.2954
1850.3000 13.4243 1.2448
1855.4000 13.4737 1.2436
1860.5000 13.5370 1.2440
1865.6000 13.5882 1.2462
1870.7000 13.6370 1.2506
1875.8000 13.6673 1.2404
1880.9000 13.7044 1.2442
1886.0000 13.7353 1.2434
1891.1000 13.7675 1.2454
1896.2000 13.7836 1.2372
1901.3000 13.8233 1.2504
1906.4000 13.8291 1.2274
1911.5000 13.8525 1.2320
1916.6000 13.8840 1.2371
1921.7000 13.9031 1.2402
1926.8000 13.9245 1.2389
1931.9000 13.9332 1.2321
1937.0000 13.9438 1.2323
1942.1000 13.9572 1.2236
1947.2000 13.9699 1.2188
1952.3000 13.9916 1.2087
1957.4000 14.0257 1.2252
1962.5000 14.0439 1.2141
1967.6000 14.0563 1.1979
1972.7000 14.1059 1.2333
1977.8000 14.1335 1.2476
1982.9000 14.1529 1.2425
1988.0000 14.1723 1.2405
1993.1000 14.1722 1.1921
1998.2000 14.1946 1.1994
2003.3000 14.2180 1.2082
2008.4000 14.2422 1.2024
2013.5000 14.2772 1.2221
2018.6000 14.2818 1.1950
2023.7000 14.3314 1.2083
2028.8000 14.3758 1.2105
2033.9000 14.4006 1.2030
2039.0000 14.4375 1.1565
2044.1000 14.5186 1.1409
2049.2000 14.5700 1.1280
2054.3000 14.6557 1.1481
2059.4000 14.7438 1.1671
2064.5000 14.7999 1.1263
2069.6000 14.9021 1.1381
2074.7000 14.9604 1.1491
2079.8000 14.9968 1.1367
2084.9000 15.0570 1.1549
2090.0000 15.0953 1.1454
2095.1000 15.1487 1.1473
2100.2000 15.1975 1.1467
2105.3000 15.2379 1.1393
2110.4000 15.3006 1.1507
2115.5000 15.3391 1.1489
2120.6000 15.3721 1.1153
2125.7000 15.4242 1.1400
2130.8000 15.4434 1.1124
2135.9000 15.5023 1.1291
2141.0000 15.5281 1.1079
2146.1000 15.5635 1.1227
2151.2000 15.6096 1.1360
2156.3000 15.6335 1.1331
2161.4000 15.6761 1.1566
2166.5000 15.6836 1.1353
2171.6000 15.7267 1.1548
2176.7000 15.7716 1.1589
2181.8000 15.7883 1.1393
2186.9000 15.8269 1.1436
2192.0000 15.8587 1.1570
2197.1000 15.8722 1.1328
2202.2000 15.9233 1.1602
2207.3000 15.9352 1.1466
2212.4000 15.9849 1.1662
2217.5000 16.0215 1.1547
2222.6000 16.0827 1.1963
2227.7000 16.1164 1.1920
2232.8000 16.1700 1.2086
2237.9000 16.2278 1.2109
2243.0000 16.2697 1.1975
2248.1000 16.3334 1.1945
2253.2000 16.3864 1.1981
2258.3000 16.4564 1.2118
2263.4000 16.4969 1.1864
2268.5000 16.5717 1.1924
2273.6000 16.6201 1.1855
2278.7000 16.6626 1.1785
2283.8000 16.7081 1.1816
2288.9000 16.7387 1.1535
2294.0000 16.8285 1.1908
2299.1000 16.8943 1.1844
2304.2000 16.9215 1.1618
2309.3000 16.9766 1.1725
2314.4000 17.0050 1.1453
2319.5000 17.0697 1.1548
2324.6000 17.1195 1.1704
2329.7000 17.1613 1.1644
2334.8000 17.1890 1.1370
2339.9000 17.2277 1.1292
2345.0000 17.2562 1.1248
2350.1000 17.2957 1.1466
2355.2000 17.3235 1.1427
2360.3000 17.3701 1.1535
2365.4000 17.3960 1.1465
2370.5000 17.4563 1.1778
2375.6000 17.4795 1.1590
2380.7000 17.4873 1.1276
2385.8000 17.5412 1.1592
2390.9000 17.5711 1.1530
2396.0000 17.5938 1.1451
2401.1000 17.6318 1.1666
2406.2000 17.6782 1.1712
2411.3000 17.6939 1.1485
2416.4000 17.7354 1.1631
2421.5000 17.7641 1.1647
2426.6000 17.8043 1.1603
2431.7000 17.8165 1.1415
2436.8000 17.8503 1.1366
2441.9000 17.9036 1.1416
2447.0000 17.9364 1.1445
2452.1000 17.9597 1.1230
2457.2000 18.0229 1.1583
2462.3000 18.0675 1.1728
2467.4000 18.0988 1.1564
2472.5000 18.1353 1.1455
2477.6000 18.1721 1.1368
2482.7000 18.2066 1.1446
2487.8000 18.2739 1.1591
2492.9000 18.2865 1.1424
2498.0000 18.3390 1.1601
2503.1000 18.4077 1.1773
2508.2000 18.4552 1.1813
2513.3000 18.4961 1.1524
2518.4000 18.5897 1.1635
2523.5000 18.6425 1.1739
2528.6000 18.6944 1.1572
2533.7000 18.7249 1.1417
2538.8000 18.7844 1.1364
2543.9000 18.8651 1.1606
2549.0000 18.9305 1.1456
2554.1000 18.9836 1.1487
2559.2000 19.0115 1.1138
2564.3000 19.0931 1.1495
2569.4000 19.1539 1.1172
2574.5000 19.1989 1.0975
2579.6000 19.2828 1.0933
2584.7000 19.3537 1.1029
2589.8000 19.4115 1.0995
2594.9000 19.5104 1.1321
2600.0000 19.5731 1.1123
2605.1000 19.6623 1.1414
2610.2000 19.7330 1.1355
2615.3000 19.7761 1.1194
2620.4000 19.8464 1.1458
2625.5000 19.8974 1.1446
2630.6000 19.9328 1.1007
2635.7000 19.9910 1.1154
2640.8000 20.0423 1.1169
2645.9000 20.0873 1.1084
2651.0000 20.1267 1.0918
2656.1000 20.1603 1.0914
2661.2000 20.2114 1.0946
2666.3000 20.2162 1.0552
2671.4000 20.2452 1.0602
2676.5000 20.2741 1.0673
2681.6000 20.3034 1.0875
2686.7000 20.3102 1.0727
2691.8000 20.3338 1.0723
2696.9000 20.3663 1.0836
2702.0000 20.3867 1.0776
2707.1000 20.4160 1.0855
2712.2000 20.4334 1.0875
2717.3000 20.4602 1.0962
2722.4000 20.4717 1.0873
2727.5000 20.4808 1.0848
2732.6000 20.4997 1.0841
2737.7000 20.5209 1.0664
2742.8000 20.5508 1.0816
2747.9000 20.5610 1.0698
2753.0000 20.5856 1.0771
2758.1000 20.6200 1.0866
2763.2000 20.6494 1.1081
2768.3000 20.6639 1.1001
2773.4000 20.7154 1.1318
2778.5000 20.7067 1.0862
2783.6000 20.7159 1.0652
2788.7000 20.7442 1.0777
2793.8000 20.7731 1.0963
2798.9000 20.7844 1.0863
2804.0000 20.8035 1.0932
2809.1000 20.8263 1.0966
2814.2000 20.8570 1.0990
2819.3000 20.8773 1.1021
2824.4000 20.8903 1.0928
2829.5000 20.8992 1.0760
2834.6000 20.9297 1.0956
2839.7000 20.9296 1.0809
2844.8000 20.9503 1.0773
2849.9000 20.9834 1.0984
2855.0000 21.0221 1.1109
2860.1000 21.0587 1.1293
2865.2000 21.0585 1.1070
2870.3000 21.0609 1.0957
2875.4000 21.1120 1.1128
2880.5000 21.1264 1.1226
2885.6000 21.1329 1.1106
2890.7000 21.1599 1.1113
2895.8000 21.1842 1.1101
2900.9000 21.2260 1.1266
2906.0000 21.2483 1.1153
2911.1000 21.2793 1.1087
2916.2000 21.3146 1.1295
2921.3000 21.3316 1.1137
2926.4000 21.4005 1.1529
2931.5000 21.4303 1.1484
2936.6000 21.4624 1.1434
2941.7000 21.4908 1.1372
2946.8000 21.5305 1.1349
2951.9000 21.5759 1.1408
2957.0000 21.5993 1.1260
2962.1000 21.6310 1.1165
2967.2000 21.6791 1.1322
2972.3000 21.7059 1.1218
2977.4000 21.7355 1.1239
2982.5000 21.7493 1.1025
2987.6000 21.7747 1.1058
2992.7000 21.8108 1.1041
2997.8000 21.8342 1.1001
3002.9000 21.8737 1.1137
3008.0000 21.8910 1.0951
3013.1000 21.9171 1.1024
3018.2000 21.9406 1.0982
3023.3000 21.9857 1.1260
3028.4000 22.0210 1.1318
3033.5000 22.0377 1.1143
3038.6000 22.0627 1.1135
3043.7000 22.0976 1.1018
3048.8000 22.1340 1.1089
3053.9000 22.1780 1.1192
3059.0000 22.2149 1.1292
3064.1000 22.2316 1.1236
3069.2000 22.2678 1.1364
3074.3000 22.2804 1.1277
3079.4000 22.2933 1.1070
3084.5000 22.3239 1.1145
3089.6000 22.3711 1.1379
3094.7000 22.4030 1.1492
3099.8000 22.4028 1.1108
3104.9000 22.4355 1.1286
3110.0000 22.4827 1.1549
3115.1000 22.5205 1.1742
3120.2000 22.5616 1.2089
3125.3000 22.5696 1.1844
3130.4000 22.6067 1.2138
3135.5000 22.6192 1.1956
3140.6000 22.6483 1.1966
3145.7000 22.6811 1.2000
3150.8000 22.7155 1.2033
3155.9000 22.7410 1.1997
3161.0000 22.7660 1.2008
3166.1000 22.8042 1.2034
3171.2000 22.8545 1.2251
3176.3000 22.9184 1.2226
3181.4000 22.9639 1.2201
3186.5000 23.0177 1.2103
3191.6000 23.0964 1.1978
3196.7000 23.1957 1.2047
3201.8000 23.2535 1.2150
3206.9000 23.3181 1.2085
3212.0000 23.3834 1.2175
3217.1000 23.4021 1.1961
3222.2000 23.4365 1.1905
3227.3000 23.4910 1.2156
3232.4000 23.5299 1.2178
3237.5000 23.5726 1.2153
3242.6000 23.5839 1.2041
3247.7000 23.6205 1.2014
3252.8000 23.6769 1.2169
3257.9000 23.6898 1.2063
3263.0000 23.7459 1.2377
3268.1000 23.7906 1.2408
3273.2000 23.8289 1.2406
3278.3000 23.8486 1.2418
3283.4000 23.8694 1.2427
3288.5000 23.8875 1.2463
3293.6000 23.9146 1.2471
3298.7000 23.9168 1.2195
3303.8000 23.9446 1.2304
3308.9000 23.9853 1.2407
3314.0000 23.9956 1.2196
3319.1000 24.0217 1.2256
3324.2000 24.0487 1.2397
3329.3000 24.0476 1.2116
3334.4000 24.0641 1.2124
3339.5000 24.1025 1.2272
3344.6000 24.1487 1.2503
3349.7000 24.1613 1.2387
3354.8000 24.1646 1.2200
3359.9000 24.2240 1.2612
3365.0000 24.2392 1.2494
3370.1000 24.2468 1.2224
3375.2000 24.2957 1.2407
3380.3000 24.3151 1.2110
3385.4000 24.3728 1.2292
3390.5000 24.4343 1.2501
3395.6000 24.4751 1.2196
3400.7000 24.5070 1.2093
3405.8000 24.5793 1.2207
3410.9000 24.6585 1.2424
3416.0000 24.7020 1.2265
3421.1000 24.7650 1.2275
3426.2000 24.8466 1.2469
3431.3000 24.8809 1.2176
3436.4000 24.9243 1.2228
3441.5000 24.9655 1.2215
3446.6000 25.0038 1.2182
3451.7000 25.0409 1.2270
3456.8000 25.0696 1.2253
3461.9000 25.0990 1.2321
3467.0000 25.1152 1.2178
3472.1000 25.1458 1.2108
3477.2000 25.1702 1.2189
3482.3000 25.1840 1.2073
3487.4000 25.2251 1.2331
3492.5000 25.2446 1.2353
3497.6000 25.2742 1.2552
3502.7000 25.2925 1.2425
3507.8000 25.3063 1.2445
3512.9000 25.3130 1.2395
3518.0000 25.3373 1.2456
3523.1000 25.3728 1.2549
3528.2000 25.3884 1.2531
3533.3000 25.4003 1.2543
3538.4000 25.4098 1.2392
3543.5000 25.4378 1.2455
3548.6000 25.4667 1.2490
3553.7000 25.4970 1.2511
3558.8000 25.5215 1.2538
3563.9000 25.5501 1.2565
3569.0000 25.5767 1.2584
3574.1000 25.6077 1.2573
3579.2000 25.6312 1.2489
3584.3000 25.6563 1.2412
3589.4000 25.7141 1.2507
3594.5000 25.7536 1.2546
3599.6000 25.8116 1.2583
