5.1000 0.0000 0.0000
10.2000 0.0000 0.0000
15.3000 0.0000 0.0000
20.3000 0.0000 0.0000
25.3000 0.0000 0.0000
30.3000 0.0000 0.0000
35.3000 0.0018 0.0000
40.3000 0.0018 0.0000
45.3000 0.0018 0.0000
50.3000 0.0018 0.0000
55.3000 0.0018 0.0000
60.3000 0.0038 0.0000
65.4000 0.0038 0.0000
70.5000 0.0038 0.0000
75.6000 0.0038 0.0000
80.7000 0.0073 0.0000
85.8000 0.0093 0.0000
90.9000 0.0111 0.0000
96.0000 0.0111 0.0000
101.1000 0.0128 0.0000
106.2000 0.0181 0.0000
111.3000 0.0198 0.0000
116.4000 0.0228 0.0000
121.5000 0.0304 0.0001
126.6000 0.0304 0.0001
131.7000 0.0304 0.0001
136.8000 0.0339 0.0001
141.9000 0.0359 0.0001
147.0000 0.0399 0.0001
152.1000 0.0504 0.0001
157.2000 0.0504 0.0001
162.3000 0.0618 0.0001
167.4000 0.0732 0.0001
172.5000 0.0838 0.0002
177.6000 0.0951 0.0002
182.7000 0.1045 0.0002
187.8000 0.1125 0.0002
192.9000 0.1274 0.0002
198.0000 0.1324 0.0002
203.1000 0.1460 0.0003
208.2000 0.1616 0.0003
213.3000 0.1656 0.0003
218.4000 0.1656 0.0003
223.5000 0.1685 0.0003
228.6000 0.1866 0.0003
233.7000 0.2124 0.0004
238.8000 0.2230 0.0004
243.9000 0.2378 0.0004
249.0000 0.2755 0.0005
254.1000 0.2931 0.0006
259.1000 0.3101 0.0006
264.1000 0.3276 0.0006
269.1000 0.3471 0.0006
274.1000 0.3604 0.0007
279.1000 0.3771 0.0007
284.1000 0.3883 0.0007
289.1000 0.3941 0.0007
294.1000 0.4022 0.0008
299.1000 0.4133 0.0008
304.1000 0.4207 0.0008
309.1000 0.4257 0.0008
314.1000 0.4415 0.0008
319.1000 0.4415 0.0008
324.1000 0.4444 0.0008
329.1000 0.4547 0.0008
334.1000 0.4687 0.0009
339.1000 0.4813 0.0008
344.1000 0.4906 0.0009
349.1000 0.4962 0.0009
354.1000 0.5024 0.0009
359.1000 0.5077 0.0009
364.1000 0.5150 0.0009
369.1000 0.5255 0.0010
374.1000 0.5277 0.0010
379.1000 0.5368 0.0010
384.1000 0.5429 0.0010
389.1000 0.5617 0.0011
394.1000 0.5701 0.0012
399.1000 0.5822 0.0013
404.1000 0.5976 0.0013
409.1000 0.6139 0.0014
414.1000 0.6355 0.0014
419.1000 0.6437 0.0014
424.1000 0.6455 0.0014
429.1000 0.6541 0.0015
434.1000 0.6685 0.0015
439.1000 0.6779 0.0016
444.1000 0.6956 0.0017
449.1000 0.7072 0.0017
454.1000 0.7218 0.0018
459.1000 0.7263 0.0018
464.1000 0.7373 0.0019
469.1000 0.7731 0.0019
474.1000 0.7957 0.0020
479.1000 0.8177 0.0021
484.1000 0.8229 0.0021
489.1000 0.8296 0.0021
494.1000 0.8313 0.0021
499.1000 0.8496 0.0021
504.1000 0.8784 0.0022
509.1000 0.8882 0.0023
514.1000 0.9025 0.0022
519.1000 0.9577 0.0038
524.1000 0.9734 0.0039
529.1000 0.9793 0.0039
534.1000 0.9864 0.0040
539.1000 1.0141 0.0040
544.1000 1.0223 0.0041
549.1000 1.0417 0.0042
554.1000 1.1473 0.0219
559.1000 1.1619 0.0219
564.1000 1.1812 0.0221
569.1000 1.1981 0.0220
574.1000 1.2790 0.0439
579.1000 1.3065 0.0441
584.1000 1.3412 0.0439
589.1000 1.3543 0.0439
594.1000 1.3617 0.0439
599.1000 1.3860 0.0438
604.1000 1.4062 0.0439
609.1000 1.4334 0.0439
614.1000 1.4427 0.0439
619.1000 1.4541 0.0440
624.1000 1.4719 0.0440
629.1000 1.4894 0.0441
634.1000 1.5012 0.0443
639.1000 1.5029 0.0443
644.1000 1.5124 0.0444
649.1000 1.5265 0.0444
654.1000 1.5447 0.0444
659.1000 1.5513 0.0445
664.1000 1.5673 0.0445
669.1000 1.5962 0.0445
674.1000 1.6085 0.0446
679.1000 1.6418 0.0447
684.1000 1.6589 0.0448
689.1000 1.6779 0.0448
694.1000 1.7122 0.0450
699.1000 1.7281 0.0450
704.1000 1.7415 0.0451
709.1000 1.7622 0.0452
714.1000 1.7675 0.0452
719.1000 1.7903 0.0453
724.1000 1.8131 0.0452
729.1000 1.8253 0.0452
734.1000 1.8391 0.0452
739.1000 1.8669 0.0452
744.1000 1.8968 0.0455
749.1000 1.9099 0.0455
754.1000 1.9267 0.0455
759.1000 1.9429 0.0457
764.1000 1.9644 0.0458
769.1000 1.9831 0.0457
774.1000 1.9937 0.0458
779.1000 2.0117 0.0459
784.1000 2.0117 0.0459
789.1000 2.0215 0.0460
794.1000 2.0470 0.0459
799.1000 2.0553 0.0458
804.1000 2.0553 0.0458
809.1000 2.0694 0.0455
814.1000 2.0796 0.0456
819.1000 2.0887 0.0456
824.1000 2.1024 0.0456
829.1000 2.1147 0.0457
834.1000 2.1246 0.0456
839.1000 2.1465 0.0455
844.1000 2.1670 0.0457
849.1000 2.2600 0.0869
854.1000 2.3463 0.1436
859.1000 2.3720 0.1433
864.1000 2.4134 0.1431
869.1000 2.4376 0.1434
874.1000 2.4649 0.1439
879.1000 2.4832 0.1442
884.1000 2.4975 0.1442
889.1000 2.5105 0.1443
894.1000 2.5342 0.1441
899.1000 2.5432 0.1441
904.1000 2.6894 0.2705
909.1000 2.8273 0.4155
914.1000 2.9486 0.5619
919.1000 3.1100 0.7831
924.1000 3.1381 0.7829
929.1000 3.1849 0.7830
934.1000 3.2521 0.7829
939.1000 3.3011 0.7825
944.1000 3.3439 0.7823
949.1000 3.3827 0.7821
954.1000 3.4302 0.7825
959.1000 3.4669 0.7829
964.1000 3.5048 0.7831
969.1000 3.5258 0.7834
974.1000 3.5378 0.7835
979.1000 3.5806 0.7839
984.1000 3.6143 0.7839
989.1000 3.6290 0.7840
994.1000 3.6491 0.7838
999.1000 3.6790 0.7841
1004.1000 3.6932 0.7843
1009.1000 3.7032 0.7845
1014.1000 3.7143 0.7843
1019.1000 3.7263 0.7845
1024.1000 3.7497 0.7841
1029.2000 3.7612 0.7841
1034.3000 3.7658 0.7842
1039.4000 3.7769 0.7839
1044.5000 3.7954 0.7838
1049.6000 3.8344 0.7837
1054.7000 3.8624 0.7834
1059.8000 3.8761 0.7831
1064.9000 3.9090 0.7820
1070.0000 3.9444 0.7817
1075.1000 3.9710 0.7813
1080.2000 3.9786 0.7811
1085.3000 4.0109 0.7807
1090.4000 4.0201 0.7805
1095.5000 4.0460 0.7802
1100.6000 4.0689 0.7800
1105.7000 4.0917 0.7798
1110.8000 4.1107 0.7796
1115.9000 4.1132 0.7796
1121.0000 4.1265 0.7795
1126.1000 4.1381 0.7791
1131.2000 4.1501 0.7790
1136.3000 4.1588 0.7788
1141.4000 4.1823 0.7787
1146.5000 4.2054 0.7783
1151.6000 4.2169 0.7787
1156.7000 4.2309 0.7781
1161.8000 4.2501 0.7777
1166.9000 4.2640 0.7773
1172.0000 4.2797 0.7768
1177.1000 4.2945 0.7764
1182.2000 4.3157 0.7763
1187.3000 4.3409 0.7758
1192.4000 4.3697 0.7759
1197.5000 4.3869 0.7757
1202.6000 4.4095 0.7756
1207.7000 4.4218 0.7755
1212.8000 4.4417 0.7752
1217.9000 4.4657 0.7747
1223.0000 4.4781 0.7742
1228.1000 4.5003 0.7735
1233.2000 4.5171 0.7735
1238.3000 4.5348 0.7730
1243.4000 4.5594 0.7728
1248.5000 4.5698 0.7725
1253.6000 4.6017 0.7722
1258.7000 4.5690 0.6951
1263.8000 4.5835 0.6597
1268.9000 4.6515 0.7154
1274.0000 4.6776 0.7150
1279.1000 4.6952 0.7153
1284.2000 4.7139 0.7152
1289.3000 4.7418 0.7150
1294.4000 4.7616 0.7152
1299.5000 4.7899 0.7155
1304.6000 4.8119 0.7151
1309.7000 4.8310 0.7148
1314.8000 4.8520 0.7142
1319.9000 4.8751 0.7138
1325.0000 4.8864 0.7136
1330.1000 4.9147 0.7130
1335.2000 4.9364 0.7126
1340.3000 4.9537 0.7122
1345.4000 4.9757 0.7118
1350.5000 4.9949 0.7115
1355.6000 4.9967 0.7114
1360.7000 5.0223 0.7113
1365.8000 5.0665 0.7110
1370.9000 5.0712 0.7109
1376.0000 5.0760 0.7107
1381.1000 5.0981 0.7105
1386.2000 5.1101 0.7104
1391.3000 5.1214 0.7105
1396.4000 5.1265 0.7104
1401.5000 5.1505 0.7101
1406.6000 5.1628 0.7097
1411.7000 5.1849 0.7092
1416.8000 5.2059 0.7086
1421.9000 5.2279 0.7081
1427.0000 5.2785 0.7069
1432.1000 5.3137 0.7057
1437.2000 5.3360 0.7049
1442.3000 5.3464 0.7046
1447.4000 5.3594 0.7042
1452.5000 5.3985 0.7026
1457.6000 5.4228 0.7020
1462.7000 5.4357 0.7017
1467.8000 5.4652 0.7006
1472.9000 5.4980 0.6998
1478.0000 5.5333 0.6988
1483.1000 5.5683 0.6976
1488.2000 5.6038 0.6966
1493.3000 5.6432 0.6954
1498.4000 5.6593 0.6953
1503.5000 5.6805 0.6950
1508.6000 5.6958 0.6946
1513.7000 5.7191 0.6941
1518.8000 5.7473 0.6933
1523.9000 5.7858 0.6922
1529.0000 5.8174 0.6916
1534.1000 5.8420 0.6914
1539.2000 5.8685 0.6909
1544.3000 5.8920 0.6905
1549.4000 5.9128 0.6903
1554.5000 5.9400 0.6897
1559.6000 5.9507 0.6895
1564.7000 5.9691 0.6893
1569.8000 6.0032 0.6884
1574.9000 6.0280 0.6875
1580.0000 6.0443 0.6872
1585.1000 6.0581 0.6871
1590.2000 6.0696 0.6872
1595.3000 6.0791 0.6873
1600.4000 6.1003 0.6868
1605.5000 6.1081 0.6866
1610.6000 6.1134 0.6867
1615.7000 6.1223 0.6864
1620.8000 6.1429 0.6855
1625.9000 6.1465 0.6854
1631.0000 6.1614 0.6852
1636.1000 6.1788 0.6851
1641.2000 6.1916 0.6852
1646.3000 6.2021 0.6847
1651.4000 6.2128 0.6850
1656.5000 6.2225 0.6850
1661.6000 6.2398 0.6849
1666.7000 6.2465 0.6849
1671.8000 6.2526 0.6847
1676.9000 6.2661 0.6844
1682.0000 6.2915 0.6835
1687.1000 6.3128 0.6827
1692.2000 6.3327 0.6819
1697.3000 6.3406 0.6816
1702.4000 6.3529 0.6818
1707.5000 6.3635 0.6815
1712.6000 6.3787 0.6813
1717.7000 6.3953 0.6805
1722.8000 6.4099 0.6493
1727.9000 6.3936 0.5751
1733.0000 6.4563 0.6345
1738.1000 6.4857 0.6337
1743.2000 6.5337 0.6322
1748.3000 6.5534 0.6320
1753.4000 6.5680 0.6316
1758.5000 6.5934 0.6312
1763.6000 6.5787 0.5715
1768.7000 6.5915 0.5715
1773.8000 6.6361 0.5930
1778.9000 6.6683 0.6280
1784.0000 6.6861 0.6153
1789.1000 6.7052 0.6150
1794.2000 6.7302 0.6148
1799.3000 6.7286 0.5994
1804.4000 6.7797 0.6051
1809.5000 6.7963 0.5915
1814.6000 6.8171 0.5803
1819.7000 6.8579 0.6168
1824.8000 6.8522 0.5885
1829.9000 6.8929 0.6059
1835.0000 6.9327 0.6094
1840.1000 6.9101 0.5414
1845.2000 6.9553 0.5409
1850.3000 6.9817 0.5408
1855.4000 7.0264 0.5401
1860.5000 7.0765 0.5388
1865.6000 7.1269 0.5375
1870.7000 7.1547 0.5372
1875.8000 7.1884 0.5368
1880.9000 7.2397 0.5363
1886.0000 7.2698 0.5362
1891.1000 7.3309 0.6077
1896.2000 7.3480 0.6079
1901.3000 7.3899 0.6239
1906.4000 7.4129 0.6346
1911.5000 7.4499 0.6338
1916.6000 7.4896 0.6334
1921.7000 7.5305 0.6328
1926.8000 7.5598 0.6328
1931.9000 7.5847 0.6324
1937.0000 7.6136 0.6316
1942.1000 7.6401 0.6311
1947.2000 7.6678 0.6309
1952.3000 7.6961 0.6308
1957.4000 7.7173 0.6304
1962.5000 7.7504 0.6298
1967.6000 7.7625 0.6297
1972.7000 7.7765 0.6293
1977.8000 7.8060 0.6288
1982.9000 7.8349 0.6286
1988.0000 7.8391 0.6287
1993.1000 7.8448 0.6286
1998.2000 7.8634 0.6285
2003.3000 7.8764 0.6283
2008.4000 7.8994 0.6281
2013.5000 7.9127 0.6282
2018.6000 7.9367 0.6281
2023.7000 7.9757 0.6277
2028.8000 7.9931 0.6277
2033.9000 8.0274 0.6271
2039.0000 8.0527 0.6269
2044.1000 8.0859 0.6270
2049.2000 8.1118 0.6266
2054.3000 8.1442 0.6260
2059.4000 8.1656 0.6255
2064.5000 8.1851 0.6255
2069.6000 8.2008 0.6253
2074.7000 8.2338 0.6243
2079.8000 8.2581 0.6233
2084.9000 8.2929 0.6224
2090.0000 8.3173 0.6222
2095.1000 8.3559 0.6219
2100.2000 8.3931 0.6220
2105.3000 8.4058 0.6218
2110.4000 8.4267 0.6218
2115.5000 8.4360 0.6215
2120.6000 8.4549 0.6210
2125.7000 8.4694 0.6209
2130.8000 8.4831 0.6208
2135.9000 8.5008 0.6207
2141.0000 8.5049 0.6207
2146.1000 8.5382 0.6200
2151.2000 8.5498 0.6196
2156.3000 8.5433 0.5783
2161.4000 8.5788 0.6046
2166.5000 8.5986 0.6043
2171.6000 8.6445 0.6042
2176.7000 8.6863 0.6041
2181.8000 8.7222 0.6039
2186.9000 8.7312 0.6039
2192.0000 8.7468 0.6042
2197.1000 8.7681 0.6038
2202.2000 8.8083 0.6032
2207.3000 8.8278 0.6030
2212.4000 8.8629 0.6029
2217.5000 8.8998 0.6025
2222.6000 8.9367 0.6024
2227.7000 8.9671 0.5973
2232.8000 9.0052 0.6201
2237.9000 9.0298 0.6016
2243.0000 9.0608 0.5972
2248.1000 9.1190 0.5969
2253.2000 9.1628 0.5969
2258.3000 9.2047 0.5974
2263.4000 9.2482 0.5974
2268.5000 9.2669 0.5610
2273.6000 9.3045 0.5466
2278.7000 9.3593 0.5470
2283.8000 9.4182 0.5465
2288.9000 9.4530 0.5466
2294.0000 9.4849 0.5470
2299.1000 9.5093 0.5474
2304.2000 9.5312 0.5476
2309.3000 9.5648 0.5470
2314.4000 9.6062 0.5472
2319.5000 9.6550 0.5472
2324.6000 9.7008 0.5476
2329.7000 9.7450 0.5478
2334.8000 9.7725 0.5477
2339.9000 9.8117 0.5477
2345.0000 9.8592 0.5473
2350.1000 9.9024 0.5473
2355.2000 9.9241 0.5472
2360.3000 9.9627 0.5473
2365.4000 9.9893 0.5476
2370.5000 10.0238 0.5472
2375.6000 10.0626 0.5473
2380.7000 10.0973 0.5473
2385.8000 10.1150 0.5474
2390.9000 10.1653 0.5477
2396.0000 10.2046 0.5474
2401.1000 10.2187 0.5475
2406.2000 10.2254 0.5475
2411.3000 10.2403 0.5477
2416.4000 10.2639 0.5476
2421.5000 10.2946 0.5472
2426.6000 10.3243 0.5470
2431.7000 10.3554 0.5474
2436.8000 10.3747 0.5478
2441.9000 10.3931 0.5479
2447.0000 10.4097 0.5479
2452.1000 10.4235 0.5481
2457.2000 10.4422 0.5481
2462.3000 10.4603 0.5479
2467.4000 10.4866 0.5473
2472.5000 10.4921 0.5473
2477.6000 10.5122 0.5476
2482.7000 10.5260 0.5476
2487.8000 10.5465 0.5475
2492.9000 10.5754 0.5477
2498.0000 10.5870 0.5476
2503.1000 10.5947 0.5478
2508.2000 10.6275 0.5808
2513.3000 10.6380 0.5810
2518.4000 10.6657 0.5807
2523.5000 10.6986 0.5803
2528.6000 10.7233 0.5796
2533.7000 10.7565 0.5792
2538.8000 10.7973 0.5787
2543.9000 10.8162 0.5784
2549.0000 10.8298 0.5786
2554.1000 10.8628 0.5960
2559.2000 10.8899 0.5937
2564.3000 10.9163 0.5901
2569.4000 10.9452 0.5832
2574.5000 10.9487 0.5570
2579.6000 10.9718 0.5562
2584.7000 11.0121 0.5546
2589.8000 11.0406 0.5540
2594.9000 11.0515 0.5541
2600.0000 11.0666 0.5539
2605.1000 11.0840 0.5536
2610.2000 11.1239 0.5964
2615.3000 11.1636 0.6089
2620.4000 11.1475 0.5533
2625.5000 11.1765 0.5656
2630.6000 11.2123 0.5769
2635.7000 11.2394 0.5764
2640.8000 11.2601 0.5758
2645.9000 11.2964 0.5746
2651.0000 11.3397 0.5734
2656.1000 11.4029 0.5724
2661.2000 11.4447 0.5707
2666.3000 11.4701 0.5697
2671.4000 11.5065 0.5690
2676.5000 11.5296 0.5684
2681.6000 11.5571 0.5679
2686.7000 11.5905 0.5663
2691.8000 11.6309 0.5640
2696.9000 11.6679 0.5630
2702.0000 11.6959 0.5615
2707.1000 11.7389 0.5597
2712.2000 11.7625 0.5585
2717.3000 11.7858 0.5578
2722.4000 11.8218 0.5566
2727.5000 11.8474 0.5552
2732.6000 11.8639 0.5544
2737.7000 11.8958 0.5530
2742.8000 11.9244 0.5520
2747.9000 11.9397 0.5515
2753.0000 11.9573 0.5508
2758.1000 11.9967 0.5485
2763.2000 12.0389 0.5470
2768.3000 12.0581 0.5461
2773.4000 12.0805 0.5452
2778.5000 12.1136 0.5438
2783.6000 12.1482 0.5425
2788.7000 12.1643 0.5421
2793.8000 12.1667 0.5421
2798.9000 12.1788 0.5417
2804.0000 12.2005 0.5409
2809.1000 12.2277 0.5407
2814.2000 12.2478 0.5403
2819.3000 12.2409 0.5012
2824.4000 12.2784 0.5237
2829.5000 12.3146 0.5375
2834.6000 12.3401 0.5374
2839.7000 12.3595 0.5372
2844.8000 12.3769 0.5367
2849.9000 12.3996 0.5364
2855.0000 12.4247 0.5363
2860.1000 12.4431 0.5364
2865.2000 12.4656 0.5365
2870.3000 12.4881 0.5366
2875.4000 12.5305 0.5365
2880.5000 12.5711 0.5358
2885.6000 12.6012 0.5354
2890.7000 12.6431 0.5353
2895.8000 12.6818 0.5507
2900.9000 12.7024 0.5444
2906.0000 12.7362 0.5446
2911.1000 12.7594 0.5446
2916.2000 12.7892 0.5434
2921.3000 12.8076 0.5431
2926.4000 12.8208 0.5431
2931.5000 12.8546 0.5430
2936.6000 12.8817 0.5429
2941.7000 12.9266 0.5422
2946.8000 12.9668 0.5413
2951.9000 13.0117 0.5405
2957.0000 13.0461 0.5403
2962.1000 13.0810 0.5403
2967.2000 13.1157 0.5401
2972.3000 13.1473 0.5401
2977.4000 13.1905 0.5387
2982.5000 13.2359 0.5376
2987.6000 13.2853 0.5373
2992.7000 13.3318 0.5361
2997.8000 13.3504 0.5359
3002.9000 13.3786 0.5356
3008.0000 13.4159 0.5349
3013.1000 13.4722 0.5338
3018.2000 13.5036 0.5340
3023.3000 13.5404 0.5337
3028.4000 13.5772 0.5329
3033.5000 13.6167 0.5323
3038.6000 13.6617 0.5310
3043.7000 13.7001 0.5303
3048.8000 13.7427 0.5291
3053.9000 13.7742 0.5285
3059.0000 13.8150 0.5279
3064.1000 13.8513 0.5275
3069.2000 13.8736 0.5272
3074.3000 13.8897 0.5268
3079.4000 13.9147 0.5266
3084.5000 13.9581 0.5261
3089.6000 13.9759 0.5260
3094.7000 13.9885 0.5260
3099.8000 14.0076 0.5258
3104.9000 14.0272 0.5257
3110.0000 14.0021 0.4738
3115.1000 14.0377 0.4962
3120.2000 14.0243 0.4536
3125.3000 14.0381 0.4665
3130.4000 14.0901 0.4867
3135.5000 14.1074 0.4899
3140.6000 14.1417 0.4893
3145.7000 14.1650 0.4893
3150.8000 14.1733 0.4891
3155.9000 14.1902 0.4888
3161.0000 14.2182 0.4874
3166.1000 14.2464 0.4866
3171.2000 14.2979 0.5088
3176.3000 14.3161 0.5086
3181.4000 14.3181 0.5086
3186.5000 14.3296 0.5082
3191.6000 14.3626 0.5071
3196.7000 14.3965 0.5060
3201.8000 14.4240 0.5058
3206.9000 14.4443 0.5054
3212.0000 14.4522 0.5051
3217.1000 14.4670 0.5050
3222.2000 14.4816 0.5045
3227.3000 14.4912 0.5042
3232.4000 14.5069 0.5040
3237.5000 14.5295 0.5038
3242.6000 14.5575 0.5030
3247.7000 14.5747 0.5027
3252.8000 14.5866 0.5026
3257.9000 14.6066 0.5022
3263.0000 14.6163 0.5020
3268.1000 14.6300 0.5018
3273.2000 14.6327 0.5017
3278.3000 14.6579 0.5013
3283.4000 14.6900 0.5006
3288.5000 14.7007 0.5007
3293.6000 14.7166 0.5006
3298.7000 14.7207 0.5006
3303.8000 14.7362 0.5006
3308.9000 14.7570 0.5005
3314.0000 14.7805 0.5004
3319.1000 14.7951 0.5003
3324.2000 14.8083 0.5002
3329.3000 14.8286 0.4999
3334.4000 14.8496 0.4996
3339.5000 14.8524 0.4995
3344.6000 14.8641 0.4994
3349.7000 14.8846 0.4994
3354.8000 14.9121 0.4994
3359.9000 14.9414 0.4995
3365.0000 14.9558 0.4994
3370.1000 14.9955 0.4990
3375.2000 15.0232 0.4986
3380.3000 15.0450 0.5183
3385.4000 15.0589 0.5088
3390.5000 15.0752 0.5089
3395.6000 15.0929 0.5132
3400.7000 15.0798 0.4732
3405.8000 15.1107 0.4725
3410.9000 15.1332 0.4722
3416.0000 15.1533 0.4722
3421.1000 15.1975 0.5341
3426.2000 15.1879 0.4975
3431.3000 15.2099 0.4972
3436.4000 15.2203 0.4971
3441.5000 15.2351 0.4970
3446.6000 15.2988 0.5471
3451.7000 15.3059 0.5469
3456.8000 15.3173 0.5467
3461.9000 15.3337 0.5465
3467.0000 15.3455 0.5464
3472.1000 15.3398 0.5113
3477.2000 15.3604 0.5147
3482.3000 15.3287 0.4543
3487.4000 15.3793 0.5124
3492.5000 15.3932 0.5122
3497.6000 15.4034 0.5119
3502.7000 15.4135 0.5119
3507.8000 15.4423 0.5111
3512.9000 15.4817 0.5106
3518.0000 15.4941 0.5102
3523.1000 15.5135 0.5095
3528.2000 15.5209 0.5093
3533.3000 15.5228 0.5093
3538.4000 15.5325 0.5091
3543.5000 15.5473 0.5087
3548.6000 15.5768 0.5082
3553.7000 15.5906 0.5079
3558.8000 15.6106 0.5073
3563.9000 15.6232 0.5071
3569.0000 15.6287 0.5070
3574.1000 15.6509 0.5064
3579.2000 15.6617 0.5060
3584.3000 15.6729 0.5058
3589.4000 15.6956 0.5050
3594.5000 15.7023 0.5047
3599.6000 15.7280 0.5041
