5.1000 0.0000 0.0000
10.2000 0.0000 0.0000
15.3000 0.0000 0.0000
20.3000 0.0000 0.0000
25.3000 0.0000 0.0000
30.3000 0.0000 0.0000
35.3000 0.0009 0.0000
40.3000 0.0009 0.0000
45.3000 0.0035 0.0000
50.3000 0.0043 0.0000
55.3000 0.0069 0.0000
60.3000 0.0124 0.0000
65.4000 0.0242 0.0000
70.5000 0.0311 0.0001
75.6000 0.0398 0.0001
80.7000 0.0441 0.0001
85.8000 0.0470 0.0001
90.9000 0.0581 0.0001
96.0000 0.0666 0.0001
101.1000 0.0787 0.0002
106.2000 0.0836 0.0002
111.3000 0.0934 0.0002
116.4000 0.1209 0.0009
121.5000 0.1280 0.0010
126.6000 0.1636 0.0019
131.7000 0.1966 0.0046
136.8000 0.2065 0.0046
141.9000 0.2124 0.0046
147.0000 0.2174 0.0046
152.1000 0.2277 0.0046
157.2000 0.2370 0.0047
162.3000 0.2498 0.0047
167.4000 0.2572 0.0047
172.5000 0.2948 0.0098
177.6000 0.3021 0.0098
182.7000 0.3109 0.0098
187.8000 0.3200 0.0098
192.9000 0.3367 0.0099
198.0000 0.3574 0.0099
203.1000 0.3802 0.0100
208.2000 0.4015 0.0100
213.3000 0.4440 0.0147
218.4000 0.4649 0.0147
223.5000 0.5385 0.0221
228.6000 0.5439 0.0221
233.7000 0.5662 0.0221
238.8000 0.6245 0.0362
243.9000 0.6328 0.0363
249.0000 0.6479 0.0363
254.1000 0.6673 0.0364
259.1000 0.6708 0.0364
264.1000 0.6815 0.0364
269.1000 0.6922 0.0364
274.1000 0.7119 0.0365
279.1000 0.7333 0.0365
284.1000 0.7530 0.0365
289.1000 0.7709 0.0366
294.1000 0.8524 0.0501
299.1000 0.8718 0.0501
304.1000 0.8881 0.0502
309.1000 0.9063 0.0502
314.1000 0.9545 0.0599
319.1000 0.9640 0.0599
324.1000 0.9755 0.0600
329.1000 0.9843 0.0600
334.1000 1.0153 0.0712
339.1000 1.0270 0.0713
344.1000 1.0426 0.0714
349.1000 1.0467 0.0714
354.1000 1.0593 0.0715
359.1000 1.1050 0.0918
364.1000 1.1447 0.0933
369.1000 1.2075 0.1060
374.1000 1.2259 0.1061
379.1000 1.2435 0.1061
384.1000 1.2620 0.1062
389.1000 1.2771 0.1063
394.1000 1.2982 0.1064
399.1000 1.3229 0.1064
404.1000 1.3814 0.1184
409.1000 1.4285 0.1278
414.1000 1.4521 0.1354
419.1000 1.4673 0.1353
424.1000 1.4786 0.1353
429.1000 1.5229 0.1457
434.1000 1.6136 0.1970
439.1000 1.6864 0.2271
444.1000 1.7127 0.2272
449.1000 1.7364 0.2273
454.1000 1.7638 0.2274
459.1000 1.7801 0.2275
464.1000 1.7934 0.2276
469.1000 1.8168 0.2278
474.1000 1.8646 0.2458
479.1000 1.9207 0.2724
484.1000 1.9530 0.2725
489.1000 1.9883 0.2725
494.1000 2.0105 0.2727
499.1000 2.0291 0.2728
504.1000 2.0695 0.2730
509.1000 2.0925 0.2732
514.1000 2.1069 0.2732
519.1000 2.1297 0.2733
524.1000 2.1418 0.2734
529.1000 2.1606 0.2734
534.1000 2.1814 0.2736
539.1000 2.1948 0.2737
544.1000 2.2166 0.2737
549.1000 2.2298 0.2737
554.1000 2.2460 0.2737
559.1000 2.2732 0.2738
564.1000 2.2836 0.2738
569.1000 2.2957 0.2738
574.1000 2.3046 0.2737
579.1000 2.3261 0.2736
584.1000 2.3364 0.2737
589.1000 2.3453 0.2738
594.1000 2.3554 0.2736
599.1000 2.3774 0.2731
604.1000 2.3945 0.2728
609.1000 2.4146 0.2723
614.1000 2.4385 0.2718
619.1000 2.4587 0.2713
624.1000 2.4800 0.2711
629.1000 2.5117 0.2708
634.1000 2.5299 0.2706
639.1000 2.5545 0.2702
644.1000 2.5958 0.2695
649.1000 2.6306 0.2690
654.1000 2.6771 0.2681
659.1000 2.7200 0.2670
664.1000 2.7829 0.2723
669.1000 2.8189 0.2716
674.1000 2.9246 0.3069
679.1000 2.9465 0.3063
684.1000 2.9836 0.3052
689.1000 3.0180 0.3044
694.1000 3.0478 0.3038
699.1000 3.0946 0.3335
704.1000 3.2048 0.4246
709.1000 3.2845 0.4942
714.1000 3.3248 0.4932
719.1000 3.3682 0.4922
724.1000 3.4253 0.5266
729.1000 3.4986 0.5853
734.1000 3.6213 0.6563
739.1000 3.7346 0.7539
744.1000 3.8232 0.8595
749.1000 3.8553 0.8589
754.1000 3.8895 0.8583
759.1000 3.9271 0.8575
764.1000 3.9606 0.8571
769.1000 4.0002 0.8563
774.1000 4.0504 0.8551
779.1000 4.1110 0.8537
784.1000 4.1560 0.8530
789.1000 4.2042 0.8518
794.1000 4.2521 0.8507
799.1000 4.2963 0.8493
804.1000 4.3404 0.8480
809.1000 4.3755 0.8466
814.1000 4.4084 0.8453
819.1000 4.4438 0.8442
824.1000 4.4837 0.8432
829.1000 4.5240 0.8422
834.1000 4.5580 0.8413
839.1000 4.5873 0.8404
844.1000 4.6186 0.8397
849.1000 4.6634 0.8386
854.1000 4.7108 0.8375
859.1000 4.7469 0.8369
864.1000 4.7662 0.8366
869.1000 4.8060 0.8361
874.1000 4.8386 0.8354
879.1000 4.8634 0.8349
884.1000 4.8993 0.8343
889.1000 4.9327 0.8335
894.1000 4.9717 0.8328
899.1000 5.0014 0.8323
904.1000 5.0282 0.8314
909.1000 5.0496 0.8306
914.1000 5.0789 0.8303
919.1000 5.1083 0.8297
924.1000 5.1760 0.8409
929.1000 5.2882 0.8893
934.1000 5.3342 0.9114
939.1000 5.3505 0.9111
944.1000 5.3652 0.9105
949.1000 5.4848 1.0333
954.1000 5.5563 1.1118
959.1000 5.5745 1.1112
964.1000 5.5845 1.1110
969.1000 5.5973 1.1106
974.1000 5.6389 1.1478
979.1000 5.6490 1.1475
984.1000 5.6725 1.1467
989.1000 5.6994 1.1459
994.1000 5.7183 1.1452
999.1000 5.7498 1.1441
1004.1000 5.7864 1.1427
1009.1000 5.8128 1.1417
1014.1000 5.8503 1.1404
1019.1000 5.8928 1.1390
1024.1000 5.9168 1.1379
1029.2000 5.9537 1.1365
1034.3000 5.9843 1.1355
1039.4000 6.0267 1.1340
1044.5000 6.0736 1.1325
1049.6000 6.1059 1.1009
1054.7000 6.1724 1.1444
1059.8000 6.1724 1.0826
1064.9000 6.2200 1.1117
1070.0000 6.2464 1.0746
1075.1000 6.2916 1.0768
1080.2000 6.3405 1.0898
1085.3000 6.3801 1.0889
1090.4000 6.4015 1.0883
1095.5000 6.4317 1.0876
1100.6000 6.4791 1.1083
1105.7000 6.5046 1.0835
1110.8000 6.5989 1.1189
1115.9000 6.7339 1.2249
1121.0000 6.8366 1.3358
1126.1000 6.9019 1.3672
1131.2000 6.9515 1.3654
1136.3000 6.9818 1.3756
1141.4000 7.0785 1.4977
1146.5000 7.1073 1.4803
1151.6000 7.1626 1.4938
1156.7000 7.1850 1.4614
1161.8000 7.2566 1.4910
1166.9000 7.3188 1.5343
1172.0000 7.3170 1.4613
1177.1000 7.3645 1.4813
1182.2000 7.3963 1.4794
1187.3000 7.4238 1.4748
1192.4000 7.4807 1.5087
1197.5000 7.5089 1.4824
1202.6000 7.5350 1.4701
1207.7000 7.5895 1.5010
1212.8000 7.6375 1.5036
1217.9000 7.6906 1.4948
1223.0000 7.7096 1.4608
1228.1000 7.7877 1.4901
1233.2000 7.8260 1.4894
1238.3000 7.8541 1.4891
1243.4000 7.8745 1.4741
1248.5000 7.9222 1.5034
1253.6000 7.9230 1.4494
1258.7000 7.9341 1.4364
1263.8000 7.9573 1.4303
1268.9000 8.0212 1.4791
1274.0000 8.0404 1.4577
1279.1000 8.0904 1.4886
1284.2000 8.1068 1.4792
1289.3000 8.1043 1.4374
1294.4000 8.1157 1.3992
1299.5000 8.1415 1.3930
1304.6000 8.2116 1.4613
1309.7000 8.2255 1.4399
1314.8000 8.2452 1.4279
1319.9000 8.2720 1.4097
1325.0000 8.3351 1.4700
1330.1000 8.3490 1.4454
1335.2000 8.3927 1.4580
1340.3000 8.4459 1.4861
1345.4000 8.4724 1.4858
1350.5000 8.4995 1.4858
1355.6000 8.5389 1.4859
1360.7000 8.5626 1.4858
1365.8000 8.5911 1.4855
1370.9000 8.6313 1.4893
1376.0000 8.6289 1.4425
1381.1000 8.6663 1.4662
1386.2000 8.6934 1.4661
1391.3000 8.7125 1.4660
1396.4000 8.7318 1.4659
1401.5000 8.7687 1.4847
1406.6000 8.7816 1.4691
1411.7000 8.8126 1.4782
1416.8000 8.8252 1.4782
1421.9000 8.8444 1.4782
1427.0000 8.8730 1.4785
1432.1000 8.8941 1.4776
1437.2000 8.9053 1.4744
1442.3000 8.8926 1.4507
1447.4000 8.9082 1.4514
1452.5000 8.9159 1.4442
1457.6000 8.9356 1.4442
1462.7000 8.9508 1.4433
1467.8000 8.9896 1.4734
1472.9000 9.0170 1.4875
1478.0000 9.0402 1.5007
1483.1000 9.0552 1.4895
1488.2000 9.0809 1.5048
1493.3000 9.0892 1.4793
1498.4000 9.0899 1.4548
1503.5000 9.0873 1.4165
1508.6000 9.1476 1.4774
1513.7000 9.1614 1.4597
1518.8000 9.2043 1.4923
1523.9000 9.2726 1.5644
1529.0000 9.2598 1.4874
1534.1000 9.2885 1.5057
1539.2000 9.2885 1.4570
1544.3000 9.3399 1.4891
1549.4000 9.3766 1.5029
1554.5000 9.4072 1.4969
1559.6000 9.4377 1.5052
1564.7000 9.4674 1.5056
1569.8000 9.5106 1.5248
1574.9000 9.5482 1.5401
1580.0000 9.5811 1.5366
1585.1000 9.6008 1.5254
1590.2000 9.6459 1.5297
1595.3000 9.6221 1.4538
1600.4000 9.6627 1.4779
1605.5000 9.6924 1.4672
1610.6000 9.7408 1.4918
1615.7000 9.7638 1.4969
1620.8000 9.7793 1.4676
1625.9000 9.8453 1.5026
1631.0000 9.9039 1.5246
1636.1000 9.9777 1.5564
1641.2000 9.9687 1.4857
1646.3000 10.0020 1.4618
1651.4000 10.0667 1.5111
1656.5000 10.0689 1.4626
1661.6000 10.1151 1.4667
1666.7000 10.1395 1.4429
1671.8000 10.2527 1.5511
1676.9000 10.3052 1.5511
1682.0000 10.3553 1.5512
1687.1000 10.3985 1.5477
1692.2000 10.4375 1.5421
1697.3000 10.4665 1.5365
1702.4000 10.4881 1.5179
1707.5000 10.5957 1.6160
1712.6000 10.6499 1.6163
1717.7000 10.6933 1.6163
1722.8000 10.7309 1.6163
1727.9000 10.7917 1.6167
1733.0000 10.7882 1.5568
1738.1000 10.8165 1.5624
1743.2000 10.8364 1.5543
1748.3000 10.8973 1.5807
1753.4000 10.9337 1.5734
1758.5000 10.9984 1.6172
1763.6000 11.0373 1.6176
1768.7000 11.0749 1.6178
1773.8000 11.1138 1.6181
1778.9000 11.1439 1.6180
1784.0000 11.1696 1.6176
1789.1000 11.1773 1.5940
1794.2000 11.2244 1.6183
1799.3000 11.2426 1.5955
1804.4000 11.2796 1.5954
1809.5000 11.3081 1.5999
1814.6000 11.3384 1.5998
1819.7000 11.3431 1.5753
1824.8000 11.4007 1.6251
1829.9000 11.4131 1.6251
1835.0000 11.4087 1.5887
1840.1000 11.4576 1.6089
1845.2000 11.4894 1.6043
1850.3000 11.5301 1.6143
1855.4000 11.5440 1.5693
1860.5000 11.6084 1.6169
1865.6000 11.6217 1.5943
1870.7000 11.6658 1.5707
1875.8000 11.7071 1.5529
1880.9000 11.7489 1.5595
1886.0000 11.7764 1.5208
1891.1000 11.8318 1.5250
1896.2000 11.8828 1.5315
1901.3000 11.9119 1.5310
1906.4000 11.9886 1.5707
1911.5000 11.9928 1.5036
1916.6000 12.0281 1.4903
1921.7000 12.0355 1.4542
1926.8000 12.0700 1.4395
1931.9000 12.1220 1.4418
1937.0000 12.1690 1.4472
1942.1000 12.2491 1.4884
1947.2000 12.2760 1.4687
1952.3000 12.2836 1.4095
1957.4000 12.3321 1.4034
1962.5000 12.4667 1.5344
1967.6000 12.5075 1.5115
1972.7000 12.5529 1.5057
1977.8000 12.5942 1.5280
1982.9000 12.5879 1.4874
1988.0000 12.6028 1.4595
1993.1000 12.6523 1.4835
1998.2000 12.6559 1.4274
2003.3000 12.7046 1.4442
2008.4000 12.7452 1.4269
2013.5000 12.7616 1.3709
2018.6000 12.8149 1.3626
2023.7000 12.9153 1.4279
2028.8000 12.9271 1.3627
2033.9000 12.9366 1.3475
2039.0000 13.0408 1.4641
2044.1000 13.0762 1.4278
2049.2000 13.1507 1.4550
2054.3000 13.1955 1.4675
2059.4000 13.2234 1.4398
2064.5000 13.2643 1.4497
2069.6000 13.3002 1.4478
2074.7000 13.3319 1.4470
2079.8000 13.3653 1.4357
2084.9000 13.4246 1.4519
2090.0000 13.4625 1.4414
2095.1000 13.5061 1.4602
2100.2000 13.5082 1.4249
2105.3000 13.5496 1.4580
2110.4000 13.6011 1.4930
2115.5000 13.6208 1.4913
2120.6000 13.6438 1.5040
2125.7000 13.6386 1.4780
2130.8000 13.6573 1.4777
2135.9000 13.6803 1.4927
2141.0000 13.6990 1.4922
2146.1000 13.7167 1.4922
2151.2000 13.7420 1.4960
2156.3000 13.7703 1.5060
2161.4000 13.7772 1.4864
2166.5000 13.8000 1.4864
2171.6000 13.8204 1.4870
2176.7000 13.8396 1.4876
2181.8000 13.8550 1.4871
2186.9000 13.8658 1.4870
2192.0000 13.8767 1.4871
2197.1000 13.8952 1.4874
2202.2000 13.9086 1.4870
2207.3000 13.9376 1.4869
2212.4000 13.9579 1.4867
2217.5000 13.9854 1.4865
2222.6000 14.0034 1.4865
2227.7000 14.0229 1.4862
2232.8000 14.0546 1.4862
2237.9000 14.0783 1.4865
2243.0000 14.0869 1.4861
2248.1000 14.1023 1.4860
2253.2000 14.1192 1.4866
2258.3000 14.0877 1.4165
2263.4000 14.1140 1.4384
2268.5000 14.1352 1.4370
2273.6000 14.1462 1.4376
2278.7000 14.1577 1.4380
2283.8000 14.1662 1.4384
2288.9000 14.1746 1.4387
2294.0000 14.1976 1.4524
2299.1000 14.2048 1.4482
2304.2000 14.2381 1.4618
2309.3000 14.2245 1.4018
2314.4000 14.1897 1.3264
2319.5000 14.2267 1.3516
2324.6000 14.2586 1.3541
2329.7000 14.2644 1.3293
2334.8000 14.2906 1.3462
2339.9000 14.3066 1.3467
2345.0000 14.3353 1.3446
2350.1000 14.3730 1.3761
2355.2000 14.3981 1.3833
2360.3000 14.4248 1.3780
2365.4000 14.3938 1.3082
2370.5000 14.4403 1.3478
2375.6000 14.4853 1.3755
2380.7000 14.4728 1.3099
2385.8000 14.5282 1.3510
2390.9000 14.5683 1.3809
2396.0000 14.5738 1.3668
2401.1000 14.5901 1.3572
2406.2000 14.6200 1.3757
2411.3000 14.6497 1.3732
2416.4000 14.6857 1.3903
2421.5000 14.7140 1.3976
2426.6000 14.7349 1.3857
2431.7000 14.7830 1.4115
2436.8000 14.7970 1.4054
2441.9000 14.7985 1.3742
2447.0000 14.8480 1.4148
2452.1000 14.8443 1.3973
2457.2000 14.8640 1.3888
2462.3000 14.9101 1.4371
2467.4000 14.9265 1.4210
2472.5000 14.9636 1.4438
2477.6000 14.9794 1.4433
2482.7000 14.9708 1.4040
2487.8000 15.0086 1.4123
2492.9000 15.0555 1.4483
2498.0000 15.0937 1.4879
2503.1000 15.0847 1.4381
2508.2000 15.0841 1.3979
2513.3000 15.1519 1.4527
2518.4000 15.1745 1.4549
2523.5000 15.2041 1.4595
2528.6000 15.2292 1.4517
2533.7000 15.2651 1.4578
2538.8000 15.2838 1.4610
2543.9000 15.2904 1.4309
2549.0000 15.3475 1.4897
2554.1000 15.3592 1.4697
2559.2000 15.3612 1.4230
2564.3000 15.3896 1.4272
2569.4000 15.4346 1.4357
2574.5000 15.4835 1.4620
2579.6000 15.5157 1.4736
2584.7000 15.5415 1.4654
2589.8000 15.5320 1.4128
2594.9000 15.5597 1.4079
2600.0000 15.6319 1.4562
2605.1000 15.6447 1.4281
2610.2000 15.6761 1.4404
2615.3000 15.6906 1.4145
2620.4000 15.7262 1.4314
2625.5000 15.7589 1.4408
2630.6000 15.7961 1.4453
2635.7000 15.8263 1.4519
2640.8000 15.8481 1.4519
2645.9000 15.9049 1.4738
2651.0000 15.9144 1.4532
2656.1000 15.9439 1.4631
2661.2000 15.9634 1.4698
2666.3000 16.0069 1.4879
2671.4000 16.0331 1.4739
2676.5000 16.0604 1.4619
2681.6000 16.0991 1.4671
2686.7000 16.1517 1.4899
2691.8000 16.1628 1.4651
2696.9000 16.1892 1.4651
2702.0000 16.2377 1.4659
2707.1000 16.2839 1.4670
2712.2000 16.3177 1.4680
2717.3000 16.3513 1.4686
2722.4000 16.3768 1.4689
2727.5000 16.4031 1.4688
2732.6000 16.4268 1.4689
2737.7000 16.4491 1.4686
2742.8000 16.4744 1.4686
2747.9000 16.5006 1.4687
2753.0000 16.5194 1.4691
2758.1000 16.5410 1.4692
2763.2000 16.5592 1.4694
2768.3000 16.5746 1.4696
2773.4000 16.5747 1.4316
2778.5000 16.6192 1.4702
2783.6000 16.6127 1.4309
2788.7000 16.6264 1.4308
2793.8000 16.6373 1.4307
2798.9000 16.6672 1.4308
2804.0000 16.6967 1.4426
2809.1000 16.6744 1.3918
2814.2000 16.7120 1.4262
2819.3000 16.7254 1.4262
2824.4000 16.7444 1.4263
2829.5000 16.7687 1.4271
2834.6000 16.8029 1.4376
2839.7000 16.8328 1.4508
2844.8000 16.8768 1.4608
2849.9000 16.9079 1.4548
2855.0000 16.9245 1.4381
2860.1000 16.9765 1.4582
2865.2000 17.0308 1.4775
2870.3000 17.0458 1.4383
2875.4000 17.1161 1.4808
2880.5000 17.1300 1.4576
2885.6000 17.1888 1.4917
2890.7000 17.2100 1.4756
2895.8000 17.2408 1.4684
2900.9000 17.2953 1.4769
2906.0000 17.3457 1.4773
2911.1000 17.3661 1.4701
2916.2000 17.3863 1.4748
2921.3000 17.4049 1.4402
2926.4000 17.4290 1.4083
2931.5000 17.4995 1.4631
2936.6000 17.5408 1.4582
2941.7000 17.5634 1.4316
2946.8000 17.5878 1.4154
2951.9000 17.6298 1.4040
2957.0000 17.6873 1.4267
2962.1000 17.7203 1.4244
2967.2000 17.7895 1.4549
2972.3000 17.8141 1.4245
2977.4000 17.8706 1.4445
2982.5000 17.9249 1.4247
2987.6000 17.9742 1.4142
2992.7000 18.0308 1.4389
2997.8000 18.0758 1.4232
3002.9000 18.1117 1.4147
3008.0000 18.1637 1.4439
3013.1000 18.1900 1.4241
3018.2000 18.2238 1.4325
3023.3000 18.2620 1.4289
3028.4000 18.2736 1.3848
3033.5000 18.3539 1.4228
3038.6000 18.4012 1.4204
3043.7000 18.4710 1.4451
3048.8000 18.5028 1.4386
3053.9000 18.5421 1.4370
3059.0000 18.6155 1.4718
3064.1000 18.6488 1.4510
3069.2000 18.6791 1.4427
3074.3000 18.7262 1.4505
3079.4000 18.7579 1.4313
3084.5000 18.7727 1.4062
3089.6000 18.8097 1.4073
3094.7000 18.8603 1.4156
3099.8000 18.8948 1.4142
3104.9000 18.9335 1.4140
3110.0000 18.9740 1.4120
3115.1000 19.0181 1.4099
3120.2000 19.0648 1.4065
3125.3000 19.0930 1.3768
3130.4000 19.1361 1.3764
3135.5000 19.1869 1.3769
3140.6000 19.2243 1.3767
3145.7000 19.2715 1.3753
3150.8000 19.3354 1.3827
3155.9000 19.4015 1.3982
3161.0000 19.4363 1.3707
3166.1000 19.4843 1.3802
3171.2000 19.5124 1.3591
3176.3000 19.5549 1.3525
3181.4000 19.6176 1.3762
3186.5000 19.6811 1.4104
3191.6000 19.7182 1.3956
3196.7000 19.7385 1.3755
3201.8000 19.7703 1.3570
3206.9000 19.8411 1.3827
3212.0000 19.8987 1.3895
3217.1000 19.9498 1.3998
3222.2000 19.9953 1.3936
3227.3000 20.0098 1.3616
3232.4000 20.0313 1.3454
3237.5000 20.0435 1.3218
3242.6000 20.0958 1.3352
3247.7000 20.1326 1.3376
3252.8000 20.1567 1.3482
3257.9000 20.1528 1.3157
3263.0000 20.1949 1.3362
3268.1000 20.2464 1.3681
3273.2000 20.2390 1.3341
3278.3000 20.2440 1.3127
3283.4000 20.2914 1.3423
3288.5000 20.2832 1.3037
3293.6000 20.3480 1.3767
3298.7000 20.3496 1.3441
3303.8000 20.3778 1.3601
3308.9000 20.3992 1.3677
3314.0000 20.4044 1.3484
3319.1000 20.4303 1.3417
3324.2000 20.4671 1.3633
3329.3000 20.4905 1.3590
3334.4000 20.5208 1.3578
3339.5000 20.5395 1.3518
3344.6000 20.5677 1.3659
3349.7000 20.5948 1.3677
3354.8000 20.6139 1.3509
3359.9000 20.6345 1.3498
3365.0000 20.6979 1.3834
3370.1000 20.7470 1.4099
3375.2000 20.7608 1.3954
3380.3000 20.7856 1.3921
3385.4000 20.8134 1.3986
3390.5000 20.8405 1.3879
3395.6000 20.8654 1.3732
3400.7000 20.9206 1.4022
3405.8000 20.9578 1.4036
3410.9000 20.9761 1.3959
3416.0000 21.0057 1.4102
3421.1000 21.0259 1.4018
3426.2000 21.0498 1.4117
3431.3000 21.0814 1.4295
3436.4000 21.0870 1.4073
3441.5000 21.1181 1.4370
3446.6000 21.1098 1.4155
3451.7000 21.1122 1.4020
3456.8000 21.1106 1.3825
3461.9000 21.1362 1.4030
3467.0000 21.1543 1.4061
3472.1000 21.1624 1.3995
3477.2000 21.1812 1.4102
3482.3000 21.1623 1.3666
3487.4000 21.1994 1.3952
3492.5000 21.2144 1.3994
3497.6000 21.2383 1.3979
3502.7000 21.2701 1.4262
3507.8000 21.2834 1.4268
3512.9000 21.2996 1.4268
3518.0000 21.3204 1.4337
3523.1000 21.3302 1.4342
3528.2000 21.3275 1.3985
3533.3000 21.3830 1.4399
3538.4000 21.3752 1.4080
3543.5000 21.3884 1.4093
3548.6000 21.4110 1.4284
3553.7000 21.4280 1.4307
3558.8000 21.4414 1.4101
3563.9000 21.4630 1.4127
3569.0000 21.4889 1.4301
3574.1000 21.4989 1.4247
3579.2000 21.5281 1.4466
3584.3000 21.5261 1.4165
3589.4000 21.5597 1.4343
3594.5000 21.6003 1.4707
3599.6000 21.6390 1.4965
