5.1000 0.0000 0.0000
10.2000 0.0000 0.0000
15.3000 0.0000 0.0000
20.3000 0.0000 0.0000
25.3000 0.0000 0.0000
30.3000 0.0000 0.0000
35.3000 0.0009 0.0000
40.3000 0.0026 0.0000
45.3000 0.0026 0.0000
50.3000 0.0026 0.0000
55.3000 0.0026 0.0000
60.3000 0.0056 0.0000
65.4000 0.0056 0.0000
70.5000 0.0065 0.0000
75.6000 0.0100 0.0000
80.7000 0.0130 0.0000
85.8000 0.0149 0.0000
90.9000 0.0185 0.0000
96.0000 0.0202 0.0000
101.1000 0.0211 0.0000
106.2000 0.0262 0.0001
111.3000 0.0307 0.0001
116.4000 0.0356 0.0001
121.5000 0.0373 0.0001
126.6000 0.0427 0.0001
131.7000 0.0427 0.0001
136.8000 0.0446 0.0001
141.9000 0.0653 0.0008
147.0000 0.0697 0.0008
152.1000 0.0723 0.0008
157.2000 0.0749 0.0008
162.3000 0.0784 0.0008
167.4000 0.0793 0.0008
172.5000 0.0821 0.0008
177.6000 0.0821 0.0008
182.7000 0.0829 0.0008
187.8000 0.0829 0.0008
192.9000 0.0838 0.0008
198.0000 0.0855 0.0008
203.1000 0.0881 0.0008
208.2000 0.0898 0.0008
213.3000 0.0898 0.0008
218.4000 0.0898 0.0008
223.5000 0.0907 0.0008
228.6000 0.0907 0.0008
233.7000 0.0923 0.0008
238.8000 0.0923 0.0008
243.9000 0.0932 0.0008
249.0000 0.0940 0.0008
254.1000 0.0940 0.0008
259.1000 0.0951 0.0008
264.1000 0.0961 0.0008
269.1000 0.0978 0.0009
274.1000 0.0986 0.0009
279.1000 0.0986 0.0009
284.1000 0.1177 0.0015
289.1000 0.1185 0.0016
294.1000 0.1250 0.0016
299.1000 0.1250 0.0016
304.1000 0.1268 0.0016
309.1000 0.1287 0.0016
314.1000 0.1287 0.0016
319.1000 0.1287 0.0016
324.1000 0.1301 0.0016
329.1000 0.1498 0.0037
334.1000 0.1544 0.0037
339.1000 0.1561 0.0037
344.1000 0.1588 0.0037
349.1000 0.1615 0.0037
354.1000 0.1624 0.0037
359.1000 0.1835 0.0078
364.1000 0.1862 0.0079
369.1000 0.1908 0.0079
374.1000 0.1936 0.0079
379.1000 0.1957 0.0079
384.1000 0.2001 0.0079
389.1000 0.2038 0.0079
394.1000 0.2074 0.0079
399.1000 0.2118 0.0079
404.1000 0.2200 0.0080
409.1000 0.2242 0.0080
414.1000 0.2324 0.0080
419.1000 0.2407 0.0080
424.1000 0.2637 0.0089
429.1000 0.2877 0.0098
434.1000 0.3252 0.0127
439.1000 0.3444 0.0128
444.1000 0.4205 0.0275
449.1000 0.4255 0.0275
454.1000 0.4302 0.0275
459.1000 0.4404 0.0276
464.1000 0.4476 0.0277
469.1000 0.4886 0.0417
474.1000 0.5215 0.0521
479.1000 0.5480 0.0523
484.1000 0.5627 0.0524
489.1000 0.6407 0.0933
494.1000 0.6496 0.0933
499.1000 0.6711 0.0934
504.1000 0.7039 0.0938
509.1000 0.7282 0.0942
514.1000 0.7455 0.0944
519.1000 0.7657 0.0946
524.1000 0.7827 0.0948
529.1000 0.7950 0.0949
534.1000 0.8135 0.0951
539.1000 0.8355 0.0953
544.1000 0.8494 0.0956
549.1000 0.8648 0.0958
554.1000 0.8858 0.0962
559.1000 0.9192 0.0968
564.1000 0.9234 0.0969
569.1000 0.9336 0.0970
574.1000 0.9644 0.0975
579.1000 0.9846 0.0978
584.1000 1.0053 0.0981
589.1000 1.0356 0.0983
594.1000 1.0419 0.0984
599.1000 1.0534 0.0984
604.1000 1.0702 0.0985
609.1000 1.0813 0.0986
614.1000 1.0822 0.0986
619.1000 1.1108 0.0988
624.1000 1.1336 0.0991
629.1000 1.1601 0.0995
634.1000 1.1736 0.0997
639.1000 1.1881 0.0996
644.1000 1.2044 0.0999
649.1000 1.2177 0.1001
654.1000 1.2254 0.1002
659.1000 1.2401 0.1004
664.1000 1.2481 0.1004
669.1000 1.2575 0.1006
674.1000 1.2834 0.1006
679.1000 1.2978 0.1007
684.1000 1.3193 0.1010
689.1000 1.3338 0.1012
694.1000 1.3446 0.1014
699.1000 1.3626 0.1016
704.1000 1.3787 0.1017
709.1000 1.3881 0.1018
714.1000 1.5044 0.1287
719.1000 1.6256 0.1867
724.1000 1.6509 0.1871
729.1000 1.7058 0.2233
734.1000 1.8979 0.3070
739.1000 1.9062 0.3070
744.1000 2.0055 0.4095
749.1000 2.0124 0.4095
754.1000 2.0190 0.4095
759.1000 2.0272 0.4095
764.1000 2.0399 0.4094
769.1000 2.0518 0.4095
774.1000 2.0869 0.4371
779.1000 2.0983 0.4370
784.1000 2.1224 0.4367
789.1000 2.1310 0.4365
794.1000 2.1453 0.4364
799.1000 2.1573 0.4363
804.1000 2.1652 0.4361
809.1000 2.1688 0.4362
814.1000 2.1732 0.4361
819.1000 2.1852 0.4361
824.1000 2.1987 0.4361
829.1000 2.2101 0.4362
834.1000 2.2138 0.4363
839.1000 2.2186 0.4364
844.1000 2.2372 0.4364
849.1000 2.2579 0.4365
854.1000 2.2733 0.4365
859.1000 2.2887 0.4365
864.1000 2.2976 0.4366
869.1000 2.3065 0.4365
874.1000 2.3184 0.4364
879.1000 2.3326 0.4364
884.1000 2.3422 0.4363
889.1000 2.3601 0.4364
894.1000 2.3956 0.4368
899.1000 2.4135 0.4369
904.1000 2.4246 0.4369
909.1000 2.4427 0.4371
914.1000 2.4659 0.4372
919.1000 2.4832 0.4373
924.1000 2.4982 0.4373
929.1000 2.5078 0.4373
934.1000 2.5178 0.4374
939.1000 2.5354 0.4377
944.1000 2.5437 0.4378
949.1000 2.5648 0.4381
954.1000 2.5744 0.4383
959.1000 2.5864 0.4386
964.1000 2.6257 0.4414
969.1000 2.6449 0.4417
974.1000 2.6511 0.4416
979.1000 2.6673 0.4417
984.1000 2.6795 0.4417
989.1000 2.6854 0.4417
994.1000 2.7019 0.4416
999.1000 2.7221 0.4414
1004.1000 2.7392 0.4412
1009.1000 2.7529 0.4412
1014.1000 2.7652 0.4410
1019.1000 2.7753 0.4409
1024.1000 2.7808 0.4410
1029.2000 2.7897 0.4412
1034.3000 2.8279 0.4455
1039.4000 2.8509 0.4455
1044.5000 2.8619 0.4453
1049.6000 2.9092 0.4521
1054.7000 2.9114 0.4520
1059.8000 2.9251 0.4518
1064.9000 2.9435 0.4518
1070.0000 2.9697 0.4515
1075.1000 2.9825 0.4513
1080.2000 3.0065 0.4511
1085.3000 3.0794 0.4696
1090.4000 3.1003 0.4689
1095.5000 3.1129 0.4689
1100.6000 3.1359 0.4688
1105.7000 3.1470 0.4687
1110.8000 3.1892 0.4841
1115.9000 3.2313 0.5031
1121.0000 3.2581 0.5027
1126.1000 3.2697 0.5027
1131.2000 3.2858 0.5028
1136.3000 3.3095 0.5025
1141.4000 3.3259 0.5026
1146.5000 3.3551 0.5025
1151.6000 3.3757 0.5022
1156.7000 3.3919 0.5022
1161.8000 3.4321 0.5028
1166.9000 3.4644 0.5025
1172.0000 3.4740 0.5026
1177.1000 3.5607 0.5578
1182.2000 3.5851 0.5579
1187.3000 3.6345 0.5572
1192.4000 3.6678 0.5566
1197.5000 3.6983 0.5567
1202.6000 3.7268 0.5563
1207.7000 3.7558 0.5567
1212.8000 3.8762 0.6377
1217.9000 3.9331 0.6660
1223.0000 3.9686 0.6658
1228.1000 3.9964 0.6662
1233.2000 4.1230 0.7880
1238.3000 4.1611 0.7880
1243.4000 4.1999 0.7879
1248.5000 4.3194 0.9089
1253.6000 4.3522 0.9090
1258.7000 4.4366 0.9921
1263.8000 4.5070 1.0401
1268.9000 4.6307 1.1574
1274.0000 4.7006 1.1984
1279.1000 4.7408 1.1985
1284.2000 4.7964 1.1977
1289.3000 4.8504 1.1916
1294.4000 4.8819 1.1921
1299.5000 4.9121 1.1924
1304.6000 4.9510 1.1931
1309.7000 4.9750 1.1379
1314.8000 4.9905 1.1271
1319.9000 5.0214 1.1307
1325.0000 5.0647 1.1574
1330.1000 5.0763 1.1339
1335.2000 5.1428 1.1715
1340.3000 5.1701 1.1966
1345.4000 5.2214 1.1966
1350.5000 5.2576 1.1967
1355.6000 5.2935 1.1970
1360.7000 5.3460 1.1981
1365.8000 5.3876 1.1980
1370.9000 5.4136 1.1984
1376.0000 5.4589 1.1832
1381.1000 5.4817 1.1835
1386.2000 5.5057 1.1829
1391.3000 5.5362 1.1835
1396.4000 5.5818 1.1838
1401.5000 5.6212 1.1838
1406.6000 5.6508 1.1845
1411.7000 5.6697 1.1849
1416.8000 5.6833 1.1845
1421.9000 5.7047 1.1849
1427.0000 5.7488 1.1849
1432.1000 5.7984 1.1852
1437.2000 5.8253 1.1858
1442.3000 5.8701 1.1858
1447.4000 5.8943 1.1858
1452.5000 5.9411 1.1860
1457.6000 5.9933 1.1860
1462.7000 6.0720 1.1865
1467.8000 6.1217 1.1866
1472.9000 6.1804 1.1876
1478.0000 6.2183 1.1872
1483.1000 6.2511 1.1868
1488.2000 6.2937 1.1871
1493.3000 6.3215 1.1869
1498.4000 6.3820 1.1870
1503.5000 6.4165 1.1873
1508.6000 6.5603 1.2381
1513.7000 6.5949 1.2385
1518.8000 6.6343 1.2386
1523.9000 6.7257 1.2492
1529.0000 6.8020 1.2508
1534.1000 6.8557 1.2339
1539.2000 7.1773 1.5165
1544.3000 7.4082 1.7506
1549.4000 7.5018 1.8092
1554.5000 7.5887 1.8102
1559.6000 7.6982 1.7490
1564.7000 7.8120 1.7685
1569.8000 7.8953 1.8083
1574.9000 7.9224 1.8090
1580.0000 7.9646 1.8098
1585.1000 8.0343 1.8242
1590.2000 8.1237 1.8261
1595.3000 8.1195 1.7371
1600.4000 8.1606 1.7244
1605.5000 8.1921 1.7199
1610.6000 8.2208 1.6653
1615.7000 8.2655 1.6673
1620.8000 8.3052 1.6617
1625.9000 8.3701 1.6597
1631.0000 8.4605 1.6727
1636.1000 8.4919 1.6622
1641.2000 8.5347 1.6440
1646.3000 8.6119 1.7239
1651.4000 8.6416 1.7227
1656.5000 8.6567 1.7002
1661.6000 8.6735 1.6933
1666.7000 8.6889 1.6954
1671.8000 8.7657 1.7343
1676.9000 8.7597 1.6720
1682.0000 8.7845 1.6724
1687.1000 8.8378 1.6895
1692.2000 8.9373 1.7567
1697.3000 8.9486 1.7572
1702.4000 8.9606 1.7575
1707.5000 8.9842 1.7582
1712.6000 9.0101 1.7584
1717.7000 9.0394 1.7590
1722.8000 9.0461 1.7591
1727.9000 9.0593 1.7596
1733.0000 9.0823 1.7623
1738.1000 9.1333 1.7621
1743.2000 9.1632 1.7630
1748.3000 9.1687 1.7631
1753.4000 9.1754 1.7633
1758.5000 9.1812 1.7635
1763.6000 9.2104 1.7632
1768.7000 9.2416 1.7636
1773.8000 9.2650 1.7615
1778.9000 9.3046 1.7587
1784.0000 9.3529 1.7556
1789.1000 9.3683 1.7554
1794.2000 9.3799 1.7556
1799.3000 9.3932 1.7559
1804.4000 9.4140 1.7545
1809.5000 9.4564 1.7982
1814.6000 9.4652 1.7972
1819.7000 9.4835 1.7965
1824.8000 9.5051 1.7958
1829.9000 9.5522 1.7917
1835.0000 9.5860 1.7886
1840.1000 9.6155 1.7864
1845.2000 9.6445 1.7838
1850.3000 9.6851 1.7817
1855.4000 9.7184 1.7806
1860.5000 9.7634 1.7763
1865.6000 9.8219 1.7715
1870.7000 9.8962 1.7643
1875.8000 9.9865 1.7551
1880.9000 10.0109 1.7139
1886.0000 10.0931 1.7477
1891.1000 10.1607 1.7438
1896.2000 10.1993 1.7411
1901.3000 10.2108 1.7218
1906.4000 10.2257 1.6988
1911.5000 10.2515 1.7141
1916.6000 10.2892 1.7217
1921.7000 10.3656 1.7461
1926.8000 10.4152 1.7434
1931.9000 10.4627 1.7378
1937.0000 10.5290 1.7311
1942.1000 10.5776 1.7291
1947.2000 10.6064 1.7293
1952.3000 10.6623 1.7235
1957.4000 10.6862 1.7224
1962.5000 10.7156 1.7211
1967.6000 10.7485 1.7180
1972.7000 10.8775 1.7102
1977.8000 10.8866 1.7095
1982.9000 10.9212 1.7075
1988.0000 10.9369 1.7080
1993.1000 10.9733 1.7208
1998.2000 10.9973 1.7202
2003.3000 11.0675 1.7155
2008.4000 11.0746 1.6640
2013.5000 11.1736 1.6625
2018.6000 11.2593 1.6520
2023.7000 11.3962 1.6604
2028.8000 11.4765 1.6537
2033.9000 11.4769 1.6077
2039.0000 11.5307 1.6126
2044.1000 11.5644 1.5573
2049.2000 11.6555 1.6071
2054.3000 11.7094 1.6100
2059.4000 11.7820 1.5938
2064.5000 11.8482 1.6063
2069.6000 11.9779 1.6518
2074.7000 11.9898 1.6326
2079.8000 12.0046 1.5698
2084.9000 12.1000 1.5778
2090.0000 12.2361 1.6803
2095.1000 12.2975 1.6714
2100.2000 12.2906 1.6104
2105.3000 12.3366 1.6470
2110.4000 12.3890 1.6237
2115.5000 12.4339 1.6334
2120.6000 12.4963 1.6286
2125.7000 12.5406 1.6269
2130.8000 12.5894 1.6280
2135.9000 12.6755 1.6094
2141.0000 12.7219 1.6061
2146.1000 12.7895 1.6028
2151.2000 12.8628 1.6269
2156.3000 12.9103 1.6148
2161.4000 13.0067 1.6685
2166.5000 13.0488 1.6694
2171.6000 13.0665 1.6701
2176.7000 13.0986 1.6709
2181.8000 13.1471 1.6709
2186.9000 13.1615 1.6708
2192.0000 13.2215 1.6661
2197.1000 13.2561 1.6673
2202.2000 13.2938 1.6663
2207.3000 13.3750 1.6637
2212.4000 13.4138 1.6642
2217.5000 13.4686 1.6662
2222.6000 13.5158 1.6670
2227.7000 13.5518 1.6629
2232.8000 13.6018 1.6591
2237.9000 13.6136 1.6586
2243.0000 13.6501 1.6572
2248.1000 13.6885 1.6586
2253.2000 13.7305 1.6593
2258.3000 13.7452 1.6592
2263.4000 13.8150 1.6577
2268.5000 13.8366 1.6589
2273.6000 13.8744 1.6594
2278.7000 13.9414 1.6611
2283.8000 13.9671 1.6605
2288.9000 13.9882 1.6607
2294.0000 14.0117 1.6611
2299.1000 14.0376 1.6242
2304.2000 14.0910 1.6531
2309.3000 14.1515 1.6318
2314.4000 14.2419 1.6357
2319.5000 14.2715 1.5930
2324.6000 14.3338 1.6511
2329.7000 14.3988 1.6546
2334.8000 14.4141 1.6555
2339.9000 14.4382 1.6567
2345.0000 14.4724 1.6360
2350.1000 14.4946 1.5941
2355.2000 14.5054 1.5679
2360.3000 14.5616 1.6256
2365.4000 14.5710 1.5893
2370.5000 14.5932 1.5735
2375.6000 14.6376 1.5983
2380.7000 14.6461 1.5796
2385.8000 14.6681 1.5653
2390.9000 14.7214 1.5762
2396.0000 14.7512 1.5822
2401.1000 14.7502 1.5756
2406.2000 14.7597 1.5783
2411.3000 14.7804 1.5791
2416.4000 14.8042 1.5763
2421.5000 14.8525 1.5834
2426.6000 14.8917 1.5757
2431.7000 14.9206 1.5725
2436.8000 14.9661 1.6039
2441.9000 14.9755 1.6043
2447.0000 15.0410 1.6455
2452.1000 15.0536 1.5876
2457.2000 15.0834 1.5814
2462.3000 15.1181 1.5778
2467.4000 15.1556 1.6007
2472.5000 15.1840 1.5993
2477.6000 15.2035 1.5844
2482.7000 15.1997 1.5153
2487.8000 15.2257 1.5329
2492.9000 15.2390 1.5024
2498.0000 15.2695 1.4991
2503.1000 15.3436 1.5278
2508.2000 15.4033 1.5151
2513.3000 15.4571 1.5424
2518.4000 15.5179 1.5431
2523.5000 15.5964 1.5448
2528.6000 15.6447 1.5465
2533.7000 15.7068 1.5487
2538.8000 15.7672 1.5862
2543.9000 15.8259 1.5545
2549.0000 15.8697 1.5500
2554.1000 15.8986 1.5416
2559.2000 16.0067 1.5495
2564.3000 16.0467 1.5461
2569.4000 16.0830 1.5453
2574.5000 16.1244 1.5472
2579.6000 16.1305 1.4876
2584.7000 16.1376 1.4746
2589.8000 16.2178 1.5250
2594.9000 16.2638 1.5243
2600.0000 16.3285 1.5257
2605.1000 16.3482 1.5265
2610.2000 16.3768 1.5260
2615.3000 16.4398 1.5284
2620.4000 16.4667 1.5294
2625.5000 16.5237 1.5311
2630.6000 16.5565 1.5542
2635.7000 16.5810 1.5558
2640.8000 16.5874 1.5558
2645.9000 16.5746 1.5072
2651.0000 16.6322 1.5206
2656.1000 16.6955 1.5741
2661.2000 16.7108 1.5317
2666.3000 16.7599 1.5766
2671.4000 16.7690 1.5385
2676.5000 16.7943 1.5062
2681.6000 16.8497 1.5271
2686.7000 16.9474 1.5556
2691.8000 16.9952 1.5674
2696.9000 17.0218 1.5680
2702.0000 17.0631 1.5689
2707.1000 17.0854 1.5695
2712.2000 17.1560 1.5697
2717.3000 17.1869 1.5704
2722.4000 17.2146 1.5714
2727.5000 17.2650 1.5739
2732.6000 17.3162 1.5756
2737.7000 17.3639 1.5765
2742.8000 17.4180 1.5780
2747.9000 17.4973 1.5796
2753.0000 17.5598 1.5810
2758.1000 17.5995 1.5810
2763.2000 17.6175 1.5818
2768.3000 17.6429 1.5822
2773.4000 17.7198 1.5828
2778.5000 17.8055 1.5845
2783.6000 17.8751 1.5863
2788.7000 17.9138 1.5875
2793.8000 17.9983 1.5892
2798.9000 18.0903 1.5912
2804.0000 18.1554 1.5789
2809.1000 18.1957 1.5800
2814.2000 18.2119 1.5810
2819.3000 18.2449 1.5824
2824.4000 18.2796 1.5842
2829.5000 18.2930 1.5438
2834.6000 18.3451 1.5745
2839.7000 18.3896 1.5571
2844.8000 18.4571 1.5648
2849.9000 18.5274 1.5478
2855.0000 18.5691 1.5676
2860.1000 18.6437 1.6216
2865.2000 18.6698 1.5749
2870.3000 18.7087 1.5701
2875.4000 18.7959 1.5832
2880.5000 18.8523 1.6021
2885.6000 18.8665 1.6018
2890.7000 18.8809 1.6142
2895.8000 18.9344 1.6516
2900.9000 18.9967 1.6434
2906.0000 19.0542 1.6376
2911.1000 19.0516 1.5876
2916.2000 19.0940 1.6274
2921.3000 19.1254 1.6447
2926.4000 19.1356 1.6453
2931.5000 19.1570 1.6308
2936.6000 19.1698 1.6018
2941.7000 19.2032 1.6223
2946.8000 19.2702 1.6537
2951.9000 19.2934 1.6466
2957.0000 19.3572 1.6709
2962.1000 19.3932 1.6696
2967.2000 19.4201 1.6420
2972.3000 19.4560 1.6208
2977.4000 19.5143 1.6552
2982.5000 19.5390 1.6240
2987.6000 19.5968 1.6388
2992.7000 19.6253 1.6568
2997.8000 19.6492 1.6581
3002.9000 19.6592 1.6334
3008.0000 19.6764 1.6325
3013.1000 19.6965 1.6337
3018.2000 19.7124 1.6347
3023.3000 19.7254 1.6376
3028.4000 19.7582 1.6357
3033.5000 19.7731 1.6368
3038.6000 19.7934 1.6382
3043.7000 19.8300 1.6656
3048.8000 19.8715 1.6384
3053.9000 19.9291 1.6604
3059.0000 19.9253 1.6004
3064.1000 19.9190 1.5776
3069.2000 19.9359 1.5447
3074.3000 19.9930 1.5775
3079.4000 20.0248 1.5898
3084.5000 20.0560 1.5845
3089.6000 20.1295 1.5875
3094.7000 20.1646 1.5849
3099.8000 20.2374 1.5789
3104.9000 20.2867 1.5792
3110.0000 20.3265 1.5764
3115.1000 20.3656 1.5736
3120.2000 20.3575 1.5385
3125.3000 20.4009 1.5745
3130.4000 20.4530 1.5693
3135.5000 20.4817 1.5669
3140.6000 20.5046 1.5681
3145.7000 20.5536 1.5634
3150.8000 20.5909 1.5617
3155.9000 20.6217 1.5626
3161.0000 20.6590 1.5575
3166.1000 20.6907 1.5561
3171.2000 20.7069 1.5144
3176.3000 20.7493 1.5207
3181.4000 20.7945 1.5301
3186.5000 20.8354 1.5266
3191.6000 20.8480 1.5260
3196.7000 20.9118 1.5550
3201.8000 20.9050 1.5218
3206.9000 20.9587 1.5161
3212.0000 21.0138 1.5109
3217.1000 21.0894 1.5057
3222.2000 21.1062 1.5027
3227.3000 21.1338 1.4969
3232.4000 21.1713 1.4932
3237.5000 21.1844 1.4902
3242.6000 21.1942 1.4805
3247.7000 21.2131 1.4662
3252.8000 21.2589 1.5130
3257.9000 21.2683 1.5137
3263.0000 21.3021 1.5107
3268.1000 21.3421 1.5057
3273.2000 21.3625 1.5040
3278.3000 21.3822 1.5017
3283.4000 21.4033 1.4821
3288.5000 21.3761 1.4197
3293.6000 21.4322 1.4589
3298.7000 21.4314 1.4431
3303.8000 21.4547 1.4626
3308.9000 21.4295 1.4190
3314.0000 21.4785 1.4473
3319.1000 21.4799 1.4097
3324.2000 21.4825 1.3821
3329.3000 21.5021 1.3799
3334.4000 21.5577 1.4309
3339.5000 21.5690 1.4276
3344.6000 21.5815 1.4288
3349.7000 21.5804 1.4087
3354.8000 21.6147 1.4356
3359.9000 21.5834 1.3765
3365.0000 21.6427 1.4079
3370.1000 21.6529 1.4059
3375.2000 21.6801 1.4249
3380.3000 21.6946 1.4250
3385.4000 21.6949 1.3978
3390.5000 21.6922 1.3792
3395.6000 21.7305 1.4032
3400.7000 21.7578 1.3975
3405.8000 21.7729 1.3924
3410.9000 21.8026 1.4016
3416.0000 21.8253 1.4293
3421.1000 21.8391 1.4228
3426.2000 21.8553 1.4186
3431.3000 21.8825 1.4156
3436.4000 21.9053 1.4154
3441.5000 21.9238 1.4145
3446.6000 21.9348 1.4133
3451.7000 21.9605 1.4113
3456.8000 21.9836 1.3886
3461.9000 21.9691 1.3493
3467.0000 21.9871 1.3426
3472.1000 22.0322 1.3578
3477.2000 22.0474 1.3431
3482.3000 22.0792 1.3388
3487.4000 22.1008 1.3389
3492.5000 22.1224 1.3387
3497.6000 22.1435 1.3403
3502.7000 22.1636 1.3386
3507.8000 22.1757 1.3397
3512.9000 22.2073 1.3527
3518.0000 22.2457 1.3930
3523.1000 22.2819 1.3891
3528.2000 22.3247 1.3794
3533.3000 22.3731 1.3812
3538.4000 22.3749 1.3675
3543.5000 22.4239 1.4120
3548.6000 22.4564 1.4124
3553.7000 22.5043 1.4421
3558.8000 22.5276 1.4442
3563.9000 22.5479 1.4452
3569.0000 22.5423 1.3972
3574.1000 22.5806 1.4377
3579.2000 22.6132 1.4377
3584.3000 22.6262 1.3924
3589.4000 22.6768 1.4216
3594.5000 22.6870 1.4068
3599.6000 22.7144 1.4000
