5.1000 0.0000 0.0000
10.2000 0.0000 0.0000
15.3000 0.0000 0.0000
20.3000 0.0000 0.0000
25.3000 0.0000 0.0000
30.3000 0.0000 0.0000
35.3000 0.0021 0.0000
40.3000 0.0021 0.0000
45.3000 0.0021 0.0000
50.3000 0.0021 0.0000
55.3000 0.0021 0.0000
60.3000 0.0029 0.0000
65.4000 0.0029 0.0000
70.5000 0.0029 0.0000
75.6000 0.0029 0.0000
80.7000 0.0029 0.0000
85.8000 0.0049 0.0000
90.9000 0.0049 0.0000
96.0000 0.0049 0.0000
101.1000 0.0053 0.0000
106.2000 0.0053 0.0000
111.3000 0.0053 0.0000
116.4000 0.0082 0.0000
121.5000 0.0086 0.0000
126.6000 0.0094 0.0000
131.7000 0.0094 0.0000
136.8000 0.0094 0.0000
141.9000 0.0094 0.0000
147.0000 0.0122 0.0000
152.1000 0.0122 0.0000
157.2000 0.0122 0.0000
162.3000 0.0122 0.0000
167.4000 0.0122 0.0000
172.5000 0.0144 0.0000
177.6000 0.0148 0.0000
182.7000 0.0148 0.0000
187.8000 0.0148 0.0000
192.9000 0.0148 0.0000
198.0000 0.0148 0.0000
203.1000 0.0151 0.0000
208.2000 0.0151 0.0000
213.3000 0.0157 0.0000
218.4000 0.0168 0.0001
223.5000 0.0171 0.0001
228.6000 0.0174 0.0001
233.7000 0.0213 0.0001
238.8000 0.0213 0.0001
243.9000 0.0213 0.0001
249.0000 0.0213 0.0001
254.1000 0.0213 0.0001
259.1000 0.0213 0.0001
264.1000 0.0213 0.0001
269.1000 0.0230 0.0001
274.1000 0.0230 0.0001
279.1000 0.0233 0.0001
284.1000 0.0233 0.0001
289.1000 0.0233 0.0001
294.1000 0.0257 0.0001
299.1000 0.0257 0.0001
304.1000 0.0257 0.0001
309.1000 0.0257 0.0001
314.1000 0.0257 0.0001
319.1000 0.0257 0.0001
324.1000 0.0263 0.0001
329.1000 0.0263 0.0001
334.1000 0.0263 0.0001
339.1000 0.0263 0.0001
344.1000 0.0263 0.0001
349.1000 0.0269 0.0001
354.1000 0.0269 0.0001
359.1000 0.0269 0.0001
364.1000 0.0269 0.0001
369.1000 0.0273 0.0001
374.1000 0.0276 0.0001
379.1000 0.0284 0.0001
384.1000 0.0306 0.0001
389.1000 0.0306 0.0001
394.1000 0.0321 0.0001
399.1000 0.0321 0.0001
404.1000 0.0327 0.0001
409.1000 0.0359 0.0001
414.1000 0.0359 0.0001
419.1000 0.0370 0.0001
424.1000 0.0370 0.0001
429.1000 0.0370 0.0001
434.1000 0.0375 0.0001
439.1000 0.0380 0.0001
444.1000 0.0380 0.0001
449.1000 0.0380 0.0001
454.1000 0.0380 0.0001
459.1000 0.0385 0.0001
464.1000 0.0389 0.0001
469.1000 0.0413 0.0001
474.1000 0.0413 0.0001
479.1000 0.0413 0.0001
484.1000 0.0418 0.0002
489.1000 0.0418 0.0002
494.1000 0.0418 0.0002
499.1000 0.0429 0.0002
504.1000 0.0442 0.0002
509.1000 0.0447 0.0002
514.1000 0.0447 0.0002
519.1000 0.0450 0.0002
524.1000 0.0569 0.0008
529.1000 0.0574 0.0008
534.1000 0.0574 0.0008
539.1000 0.0574 0.0008
544.1000 0.0579 0.0008
549.1000 0.0579 0.0008
554.1000 0.0579 0.0008
559.1000 0.0604 0.0008
564.1000 0.0604 0.0008
569.1000 0.0604 0.0008
574.1000 0.0604 0.0008
579.1000 0.0604 0.0008
584.1000 0.0627 0.0008
589.1000 0.0632 0.0008
594.1000 0.0632 0.0008
599.1000 0.0632 0.0008
604.1000 0.0632 0.0008
609.1000 0.0637 0.0008
614.1000 0.0649 0.0008
619.1000 0.0655 0.0009
624.1000 0.0770 0.0031
629.1000 0.0776 0.0031
634.1000 0.0776 0.0031
639.1000 0.0776 0.0031
644.1000 0.0790 0.0031
649.1000 0.0795 0.0031
654.1000 0.0795 0.0031
659.1000 0.0795 0.0031
664.1000 0.0804 0.0031
669.1000 0.0807 0.0031
674.1000 0.0824 0.0031
679.1000 0.0824 0.0031
684.1000 0.0824 0.0031
689.1000 0.0824 0.0031
694.1000 0.0824 0.0031
699.1000 0.0833 0.0031
704.1000 0.0841 0.0031
709.1000 0.0845 0.0031
714.1000 0.0849 0.0031
719.1000 0.0849 0.0031
724.1000 0.0849 0.0031
729.1000 0.0849 0.0031
734.1000 0.0875 0.0031
739.1000 0.0882 0.0032
744.1000 0.0889 0.0032
749.1000 0.0889 0.0032
754.1000 0.0889 0.0032
759.1000 0.0912 0.0032
764.1000 0.0912 0.0032
769.1000 0.0912 0.0032
774.1000 0.0918 0.0032
779.1000 0.0923 0.0032
784.1000 0.0923 0.0032
789.1000 0.0937 0.0032
794.1000 0.0946 0.0032
799.1000 0.0946 0.0032
804.1000 0.0946 0.0032
809.1000 0.0946 0.0032
814.1000 0.0946 0.0032
819.1000 0.0951 0.0032
824.1000 0.0955 0.0032
829.1000 0.0955 0.0032
834.1000 0.0955 0.0032
839.1000 0.0955 0.0032
844.1000 0.0955 0.0032
849.1000 0.0965 0.0032
854.1000 0.0983 0.0032
859.1000 0.0992 0.0032
864.1000 0.0992 0.0032
869.1000 0.1002 0.0032
874.1000 0.1007 0.0032
879.1000 0.1007 0.0032
884.1000 0.1029 0.0032
889.1000 0.1033 0.0033
894.1000 0.1033 0.0033
899.1000 0.1033 0.0033
904.1000 0.1033 0.0033
909.1000 0.1033 0.0033
914.1000 0.1053 0.0033
919.1000 0.1057 0.0033
924.1000 0.1057 0.0033
929.1000 0.1057 0.0033
934.1000 0.1057 0.0033
939.1000 0.1057 0.0033
944.1000 0.1057 0.0033
949.1000 0.1181 0.0039
954.1000 0.1181 0.0039
959.1000 0.1181 0.0039
964.1000 0.1181 0.0039
969.1000 0.1181 0.0039
974.1000 0.1181 0.0039
979.1000 0.1208 0.0039
984.1000 0.1208 0.0039
989.1000 0.1208 0.0039
994.1000 0.1208 0.0039
999.1000 0.1208 0.0039
1004.1000 0.1208 0.0039
1009.1000 0.1222 0.0039
1014.1000 0.1222 0.0039
1019.1000 0.1222 0.0039
1024.1000 0.1222 0.0039
1029.2000 0.1222 0.0039
1034.3000 0.1222 0.0039
1039.4000 0.1248 0.0039
1044.5000 0.1248 0.0039
1049.6000 0.1248 0.0039
1054.7000 0.1255 0.0039
1059.8000 0.1255 0.0039
1064.9000 0.1270 0.0039
1070.0000 0.1281 0.0039
1075.1000 0.1286 0.0039
1080.2000 0.1286 0.0039
1085.3000 0.1292 0.0039
1090.4000 0.1292 0.0039
1095.5000 0.1329 0.0040
1100.6000 0.1329 0.0040
1105.7000 0.1329 0.0040
1110.8000 0.1329 0.0040
1115.9000 0.1329 0.0040
1121.0000 0.1335 0.0040
1126.1000 0.1359 0.0040
1131.2000 0.1359 0.0040
1136.3000 0.1359 0.0040
1141.4000 0.1365 0.0040
1146.5000 0.1365 0.0040
1151.6000 0.1365 0.0040
1156.7000 0.1400 0.0040
1161.8000 0.1400 0.0040
1166.9000 0.1400 0.0040
1172.0000 0.1400 0.0040
1177.1000 0.1400 0.0040
1182.2000 0.1400 0.0040
1187.3000 0.1405 0.0040
1192.4000 0.1405 0.0040
1197.5000 0.1405 0.0040
1202.6000 0.1405 0.0040
1207.7000 0.1405 0.0040
1212.8000 0.1405 0.0040
1217.9000 0.1419 0.0040
1223.0000 0.1438 0.0040
1228.1000 0.1443 0.0040
1233.2000 0.1443 0.0040
1238.3000 0.1458 0.0040
1243.4000 0.1458 0.0040
1248.5000 0.1458 0.0040
1253.6000 0.1491 0.0041
1258.7000 0.1491 0.0041
1263.8000 0.1491 0.0041
1268.9000 0.1491 0.0041
1274.0000 0.1491 0.0041
1279.1000 0.1491 0.0041
1284.2000 0.1515 0.0041
1289.3000 0.1521 0.0041
1294.4000 0.1526 0.0041
1299.5000 0.1526 0.0041
1304.6000 0.1526 0.0041
1309.7000 0.1526 0.0041
1314.8000 0.1552 0.0041
1319.9000 0.1552 0.0041
1325.0000 0.1552 0.0041
1330.1000 0.1552 0.0041
1335.2000 0.1552 0.0041
1340.3000 0.1552 0.0041
1345.4000 0.1555 0.0041
1350.5000 0.1565 0.0041
1355.6000 0.1565 0.0041
1360.7000 0.1565 0.0041
1365.8000 0.1565 0.0041
1370.9000 0.1565 0.0041
1376.0000 0.1568 0.0041
1381.1000 0.1594 0.0041
1386.2000 0.1594 0.0041
1391.3000 0.1594 0.0041
1396.4000 0.1594 0.0041
1401.5000 0.1594 0.0041
1406.6000 0.1594 0.0041
1411.7000 0.1621 0.0042
1416.8000 0.1626 0.0042
1421.9000 0.1626 0.0042
1427.0000 0.1626 0.0042
1432.1000 0.1626 0.0042
1437.2000 0.1634 0.0042
1442.3000 0.1645 0.0042
1447.4000 0.1645 0.0042
1452.5000 0.1649 0.0042
1457.6000 0.1649 0.0042
1462.7000 0.1649 0.0042
1467.8000 0.1653 0.0042
1472.9000 0.1653 0.0042
1478.0000 0.1653 0.0042
1483.1000 0.1653 0.0042
1488.2000 0.1653 0.0042
1493.3000 0.1653 0.0042
1498.4000 0.1666 0.0042
1503.5000 0.1666 0.0042
1508.6000 0.1666 0.0042
1513.7000 0.1666 0.0042
1518.8000 0.1678 0.0042
1523.9000 0.1678 0.0042
1529.0000 0.1697 0.0042
1534.1000 0.1708 0.0042
1539.2000 0.1708 0.0042
1544.3000 0.1708 0.0042
1549.4000 0.1708 0.0042
1554.5000 0.1708 0.0042
1559.6000 0.1712 0.0042
1564.7000 0.1736 0.0042
1569.8000 0.1736 0.0042
1574.9000 0.1736 0.0042
1580.0000 0.1736 0.0042
1585.1000 0.1736 0.0042
1590.2000 0.1762 0.0043
1595.3000 0.1774 0.0043
1600.4000 0.1774 0.0043
1605.5000 0.1774 0.0043
1610.6000 0.1774 0.0043
1615.7000 0.1774 0.0043
1620.8000 0.1803 0.0043
1625.9000 0.1803 0.0043
1631.0000 0.1807 0.0043
1636.1000 0.1815 0.0043
1641.2000 0.1815 0.0043
1646.3000 0.1832 0.0043
1651.4000 0.1855 0.0044
1656.5000 0.1855 0.0044
1661.6000 0.1855 0.0044
1666.7000 0.1855 0.0044
1671.8000 0.1855 0.0044
1676.9000 0.1855 0.0044
1682.0000 0.1876 0.0044
1687.1000 0.1876 0.0044
1692.2000 0.1887 0.0044
1697.3000 0.1887 0.0044
1702.4000 0.1887 0.0044
1707.5000 0.1911 0.0044
1712.6000 0.1917 0.0044
1717.7000 0.1917 0.0044
1722.8000 0.1917 0.0044
1727.9000 0.1923 0.0044
1733.0000 0.1923 0.0044
1738.1000 0.1923 0.0044
1743.2000 0.1950 0.0045
1748.3000 0.1950 0.0045
1753.4000 0.1950 0.0045
1758.5000 0.1955 0.0045
1763.6000 0.1955 0.0045
1768.7000 0.1955 0.0045
1773.8000 0.1990 0.0045
1778.9000 0.1990 0.0045
1784.0000 0.1990 0.0045
1789.1000 0.1990 0.0045
1794.2000 0.1990 0.0045
1799.3000 0.1990 0.0045
1804.4000 0.2020 0.0045
1809.5000 0.2020 0.0045
1814.6000 0.2020 0.0045
1819.7000 0.2020 0.0045
1824.8000 0.2020 0.0045
1829.9000 0.2058 0.0046
1835.0000 0.2058 0.0046
1840.1000 0.2058 0.0046
1845.2000 0.2058 0.0046
1850.3000 0.2058 0.0046
1855.4000 0.2073 0.0046
1860.5000 0.2073 0.0046
1865.6000 0.2082 0.0046
1870.7000 0.2082 0.0046
1875.8000 0.2082 0.0046
1880.9000 0.2087 0.0046
1886.0000 0.2091 0.0046
1891.1000 0.2100 0.0046
1896.2000 0.2104 0.0046
1901.3000 0.2108 0.0046
1906.4000 0.2112 0.0046
1911.5000 0.2125 0.0046
1916.6000 0.2125 0.0046
1921.7000 0.2125 0.0046
1926.8000 0.2125 0.0046
1931.9000 0.2205 0.0060
1937.0000 0.2209 0.0060
1942.1000 0.2233 0.0060
1947.2000 0.2233 0.0060
1952.3000 0.2233 0.0060
1957.4000 0.2233 0.0060
1962.5000 0.2233 0.0060
1967.6000 0.2233 0.0060
1972.7000 0.2238 0.0060
1977.8000 0.2243 0.0060
1982.9000 0.2247 0.0060
1988.0000 0.2247 0.0060
1993.1000 0.2252 0.0060
1998.2000 0.2276 0.0060
2003.3000 0.2276 0.0060
2008.4000 0.2276 0.0060
2013.5000 0.2285 0.0060
2018.6000 0.2285 0.0060
2023.7000 0.2290 0.0060
2028.8000 0.2295 0.0061
2033.9000 0.2309 0.0061
2039.0000 0.2313 0.0061
2044.1000 0.2318 0.0061
2049.2000 0.2318 0.0061
2054.3000 0.2328 0.0061
2059.4000 0.2338 0.0061
2064.5000 0.2348 0.0061
2069.6000 0.2348 0.0061
2074.7000 0.2348 0.0061
2079.8000 0.2348 0.0061
2084.9000 0.2348 0.0061
2090.0000 0.2353 0.0061
2095.1000 0.2353 0.0061
2100.2000 0.2358 0.0061
2105.3000 0.2358 0.0061
2110.4000 0.2363 0.0061
2115.5000 0.2368 0.0061
2120.6000 0.2397 0.0062
2125.7000 0.2397 0.0062
2130.8000 0.2402 0.0062
2135.9000 0.2402 0.0062
2141.0000 0.2402 0.0062
2146.1000 0.2513 0.0068
2151.2000 0.2518 0.0068
2156.3000 0.2518 0.0068
2161.4000 0.2518 0.0068
2166.5000 0.2518 0.0068
2171.6000 0.2518 0.0068
2176.7000 0.2538 0.0068
2181.8000 0.2543 0.0068
2186.9000 0.2543 0.0068
2192.0000 0.2543 0.0068
2197.1000 0.2543 0.0068
2202.2000 0.2576 0.0068
2207.3000 0.2576 0.0068
2212.4000 0.2576 0.0068
2217.5000 0.2576 0.0068
2222.6000 0.2576 0.0068
2227.7000 0.2576 0.0068
2232.8000 0.2592 0.0068
2237.9000 0.2592 0.0068
2243.0000 0.2596 0.0068
2248.1000 0.2596 0.0068
2253.2000 0.2596 0.0068
2258.3000 0.2596 0.0068
2263.4000 0.2615 0.0068
2268.5000 0.2615 0.0068
2273.6000 0.2615 0.0068
2278.7000 0.2631 0.0068
2283.8000 0.2631 0.0068
2288.9000 0.2662 0.0069
2294.0000 0.2662 0.0069
2299.1000 0.2662 0.0069
2304.2000 0.2662 0.0069
2309.3000 0.2662 0.0069
2314.4000 0.2668 0.0069
2319.5000 0.2668 0.0069
2324.6000 0.2684 0.0069
2329.7000 0.2688 0.0069
2334.8000 0.2691 0.0069
2339.9000 0.2691 0.0069
2345.0000 0.2691 0.0069
2350.1000 0.2691 0.0069
2355.2000 0.2706 0.0069
2360.3000 0.2706 0.0069
2365.4000 0.2706 0.0069
2370.5000 0.2715 0.0069
2375.6000 0.2720 0.0069
2380.7000 0.2741 0.0069
2385.8000 0.2746 0.0069
2390.9000 0.2746 0.0069
2396.0000 0.2746 0.0069
2401.1000 0.2746 0.0069
2406.2000 0.2746 0.0069
2411.3000 0.2751 0.0069
2416.4000 0.2751 0.0069
2421.5000 0.2751 0.0069
2426.6000 0.2771 0.0070
2431.7000 0.2782 0.0070
2436.8000 0.2782 0.0070
2441.9000 0.2794 0.0070
2447.0000 0.2799 0.0070
2452.1000 0.2803 0.0070
2457.2000 0.2803 0.0070
2462.3000 0.2811 0.0070
2467.4000 0.2828 0.0070
2472.5000 0.2837 0.0070
2477.6000 0.2837 0.0070
2482.7000 0.2837 0.0070
2487.8000 0.2837 0.0070
2492.9000 0.2855 0.0071
2498.0000 0.2874 0.0071
2503.1000 0.2874 0.0071
2508.2000 0.2874 0.0071
2513.3000 0.2874 0.0071
2518.4000 0.2874 0.0071
2523.5000 0.2879 0.0071
2528.6000 0.2879 0.0071
2533.7000 0.2879 0.0071
2538.8000 0.2879 0.0071
2543.9000 0.2890 0.0071
2549.0000 0.2890 0.0071
2554.1000 0.2890 0.0071
2559.2000 0.2916 0.0071
2564.3000 0.2916 0.0071
2569.4000 0.2916 0.0071
2574.5000 0.2916 0.0071
2579.6000 0.2916 0.0071
2584.7000 0.2936 0.0072
2589.8000 0.2941 0.0072
2594.9000 0.2941 0.0072
2600.0000 0.2946 0.0072
2605.1000 0.2951 0.0072
2610.2000 0.2957 0.0072
2615.3000 0.2957 0.0072
2620.4000 0.2974 0.0072
2625.5000 0.2978 0.0072
2630.6000 0.2978 0.0072
2635.7000 0.2978 0.0072
2640.8000 0.2983 0.0072
2645.9000 0.2983 0.0072
2651.0000 0.2997 0.0072
2656.1000 0.2997 0.0072
2661.2000 0.2997 0.0072
2666.3000 0.2997 0.0072
2671.4000 0.2997 0.0072
2676.5000 0.2997 0.0072
2681.6000 0.3027 0.0073
2686.7000 0.3027 0.0073
2691.8000 0.3027 0.0073
2696.9000 0.3027 0.0073
2702.0000 0.3036 0.0073
2707.1000 0.3036 0.0073
2712.2000 0.3040 0.0073
2717.3000 0.3059 0.0073
2722.4000 0.3059 0.0073
2727.5000 0.3064 0.0073
2732.6000 0.3064 0.0073
2737.7000 0.3064 0.0073
2742.8000 0.3064 0.0073
2747.9000 0.3079 0.0073
2753.0000 0.3091 0.0073
2758.1000 0.3091 0.0073
2763.2000 0.3091 0.0073
2768.3000 0.3091 0.0073
2773.4000 0.3091 0.0073
2778.5000 0.3091 0.0073
2783.6000 0.3116 0.0074
2788.7000 0.3116 0.0074
2793.8000 0.3218 0.0079
2798.9000 0.3218 0.0079
2804.0000 0.3218 0.0079
2809.1000 0.3218 0.0079
2814.2000 0.3236 0.0080
2819.3000 0.3242 0.0080
2824.4000 0.3242 0.0080
2829.5000 0.3248 0.0080
2834.6000 0.3254 0.0080
2839.7000 0.3254 0.0080
2844.8000 0.3266 0.0080
2849.9000 0.3266 0.0080
2855.0000 0.3271 0.0080
2860.1000 0.3271 0.0080
2865.2000 0.3275 0.0080
2870.3000 0.3279 0.0080
2875.4000 0.3285 0.0080
2880.5000 0.3285 0.0080
2885.6000 0.3285 0.0080
2890.7000 0.3285 0.0080
2895.8000 0.3285 0.0080
2900.9000 0.3289 0.0080
2906.0000 0.3289 0.0080
2911.1000 0.3289 0.0080
2916.2000 0.3289 0.0080
2921.3000 0.3305 0.0080
2926.4000 0.3305 0.0080
2931.5000 0.3314 0.0080
2936.6000 0.3342 0.0081
2941.7000 0.3351 0.0081
2946.8000 0.3351 0.0081
2951.9000 0.3351 0.0081
2957.0000 0.3364 0.0081
2962.1000 0.3369 0.0081
2967.2000 0.3369 0.0081
2972.3000 0.3373 0.0081
2977.4000 0.3373 0.0081
2982.5000 0.3386 0.0081
2987.6000 0.3399 0.0081
2992.7000 0.3403 0.0081
2997.8000 0.3423 0.0082
3002.9000 0.3429 0.0082
3008.0000 0.3429 0.0082
3013.1000 0.3446 0.0082
3018.2000 0.3446 0.0082
3023.3000 0.3452 0.0082
3028.4000 0.3452 0.0082
3033.5000 0.3457 0.0082
3038.6000 0.3468 0.0082
3043.7000 0.3468 0.0082
3048.8000 0.3490 0.0083
3053.9000 0.3496 0.0083
3059.0000 0.3501 0.0083
3064.1000 0.3501 0.0083
3069.2000 0.3501 0.0083
3074.3000 0.3511 0.0083
3079.4000 0.3518 0.0083
3084.5000 0.3518 0.0083
3089.6000 0.3518 0.0083
3094.7000 0.3528 0.0083
3099.8000 0.3630 0.0089
3104.9000 0.3649 0.0089
3110.0000 0.3751 0.0117
3115.1000 0.3755 0.0117
3120.2000 0.3755 0.0117
3125.3000 0.3755 0.0117
3130.4000 0.3761 0.0117
3135.5000 0.3787 0.0117
3140.6000 0.3787 0.0117
3145.7000 0.3787 0.0117
3150.8000 0.3787 0.0117
3155.9000 0.3791 0.0117
3161.0000 0.3791 0.0117
3166.1000 0.3791 0.0117
3171.2000 0.3791 0.0117
3176.3000 0.3791 0.0117
3181.4000 0.3791 0.0117
3186.5000 0.3791 0.0117
3191.6000 0.3825 0.0118
3196.7000 0.3825 0.0118
3201.8000 0.3829 0.0118
3206.9000 0.3829 0.0118
3212.0000 0.3834 0.0118
3217.1000 0.3834 0.0118
3222.2000 0.3858 0.0118
3227.3000 0.3863 0.0118
3232.4000 0.3863 0.0118
3237.5000 0.3863 0.0118
3242.6000 0.3863 0.0118
3247.7000 0.3863 0.0118
3252.8000 0.3895 0.0119
3257.9000 0.3895 0.0119
3263.0000 0.3895 0.0119
3268.1000 0.3895 0.0119
3273.2000 0.3902 0.0119
3278.3000 0.3907 0.0119
3283.4000 0.3907 0.0119
3288.5000 0.3925 0.0119
3293.6000 0.3930 0.0119
3298.7000 0.3930 0.0119
3303.8000 0.3930 0.0119
3308.9000 0.3930 0.0119
3314.0000 0.3951 0.0119
3319.1000 0.3956 0.0119
3324.2000 0.3956 0.0119
3329.3000 0.3956 0.0119
3334.4000 0.3956 0.0119
3339.5000 0.3956 0.0119
3344.6000 0.4080 0.0126
3349.7000 0.4080 0.0126
3354.8000 0.4080 0.0126
3359.9000 0.4086 0.0126
3365.0000 0.4086 0.0126
3370.1000 0.4091 0.0127
3375.2000 0.4117 0.0127
3380.3000 0.4117 0.0127
3385.4000 0.4117 0.0127
3390.5000 0.4117 0.0127
3395.6000 0.4117 0.0127
3400.7000 0.4128 0.0127
3405.8000 0.4132 0.0127
3410.9000 0.4135 0.0127
3416.0000 0.4135 0.0127
3421.1000 0.4135 0.0127
3426.2000 0.4166 0.0127
3431.3000 0.4166 0.0127
3436.4000 0.4166 0.0127
3441.5000 0.4166 0.0127
3446.6000 0.4166 0.0127
3451.7000 0.4166 0.0127
3456.8000 0.4192 0.0128
3461.9000 0.4199 0.0128
3467.0000 0.4205 0.0128
3472.1000 0.4205 0.0128
3477.2000 0.4205 0.0128
3482.3000 0.4205 0.0128
3487.4000 0.4216 0.0128
3492.5000 0.4219 0.0128
3497.6000 0.4219 0.0128
3502.7000 0.4222 0.0128
3507.8000 0.4222 0.0128
3512.9000 0.4222 0.0128
3518.0000 0.4251 0.0129
3523.1000 0.4257 0.0129
3528.2000 0.4263 0.0129
3533.3000 0.4263 0.0129
3538.4000 0.4263 0.0129
3543.5000 0.4263 0.0129
3548.6000 0.4285 0.0129
3553.7000 0.4285 0.0129
3558.8000 0.4289 0.0129
3563.9000 0.4289 0.0129
3569.0000 0.4289 0.0129
3574.1000 0.4289 0.0129
3579.2000 0.4305 0.0130
3584.3000 0.4312 0.0130
3589.4000 0.4312 0.0130
3594.5000 0.4312 0.0130
3599.6000 0.4312 0.0130
