5.1000 0.0000 0.0000
10.2000 0.0000 0.0000
15.3000 0.0000 0.0000
20.3000 0.0000 0.0000
25.3000 0.0000 0.0000
30.3000 0.0000 0.0000
35.3000 0.0177 0.0003
40.3000 0.0188 0.0003
45.3000 0.0222 0.0003
50.3000 0.0261 0.0003
55.3000 0.0271 0.0003
60.3000 0.0335 0.0003
65.4000 0.0415 0.0004
70.5000 0.0564 0.0004
75.6000 0.0665 0.0007
80.7000 0.0689 0.0007
85.8000 0.0738 0.0007
90.9000 0.0808 0.0007
96.0000 0.0835 0.0007
101.1000 0.0846 0.0007
106.2000 0.0932 0.0007
111.3000 0.1098 0.0008
116.4000 0.1287 0.0019
121.5000 0.1388 0.0020
126.6000 0.1795 0.0041
131.7000 0.1974 0.0042
136.8000 0.2190 0.0043
141.9000 0.2271 0.0043
147.0000 0.2456 0.0045
152.1000 0.2537 0.0046
157.2000 0.2704 0.0072
162.3000 0.2831 0.0073
167.4000 0.2993 0.0075
172.5000 0.3515 0.0131
177.6000 0.3675 0.0133
182.7000 0.4110 0.0156
187.8000 0.4218 0.0157
192.9000 0.4526 0.0210
198.0000 0.4869 0.0264
203.1000 0.5055 0.0301
208.2000 0.5282 0.0305
213.3000 0.5435 0.0354
218.4000 0.5583 0.0356
223.5000 0.5707 0.0358
228.6000 0.5785 0.0360
233.7000 0.6125 0.0410
238.8000 0.6710 0.0518
243.9000 0.7228 0.0576
249.0000 0.7628 0.0681
254.1000 0.7899 0.0730
259.1000 0.8181 0.0735
264.1000 0.8382 0.0836
269.1000 0.8702 0.0902
274.1000 0.8995 0.0968
279.1000 0.9209 0.0973
284.1000 0.9287 0.0974
289.1000 0.9400 0.0977
294.1000 0.9695 0.1059
299.1000 0.9815 0.1062
304.1000 0.9963 0.1066
309.1000 1.0189 0.1146
314.1000 1.1049 0.1500
319.1000 1.1169 0.1503
324.1000 1.1267 0.1505
329.1000 1.1286 0.1506
334.1000 1.1393 0.1582
339.1000 1.1444 0.1583
344.1000 1.1469 0.1584
349.1000 1.1926 0.1731
354.1000 1.1934 0.1731
359.1000 1.1945 0.1731
364.1000 1.1960 0.1732
369.1000 1.1971 0.1732
374.1000 1.2035 0.1732
379.1000 1.2266 0.1732
384.1000 1.2613 0.1734
389.1000 1.3283 0.1805
394.1000 1.4312 0.1904
399.1000 1.5830 0.1884
404.1000 1.7029 0.1871
409.1000 1.7577 0.1874
414.1000 1.8995 0.2457
419.1000 1.9635 0.2606
424.1000 1.9904 0.2755
429.1000 2.0123 0.2760
434.1000 2.0362 0.2763
439.1000 2.0450 0.2764
444.1000 2.0775 0.2771
449.1000 2.1270 0.3072
454.1000 2.1400 0.3073
459.1000 2.1501 0.3075
464.1000 2.1602 0.3077
469.1000 2.1896 0.3083
474.1000 2.2243 0.3232
479.1000 2.2665 0.3244
484.1000 2.3797 0.3607
489.1000 2.4490 0.3988
494.1000 2.4795 0.4286
499.1000 2.5458 0.4609
504.1000 2.5774 0.4615
509.1000 2.5856 0.4616
514.1000 2.6010 0.4618
519.1000 2.6476 0.4617
524.1000 2.7496 0.5064
529.1000 2.8750 0.5067
534.1000 2.9563 0.5215
539.1000 3.0016 0.5214
544.1000 3.0573 0.5212
549.1000 3.0918 0.5212
554.1000 3.1182 0.5212
559.1000 3.1389 0.5215
564.1000 3.1549 0.5220
569.1000 3.1665 0.5076
574.1000 3.1786 0.5042
579.1000 3.2092 0.5115
584.1000 3.2274 0.5027
589.1000 3.2591 0.5106
594.1000 3.2691 0.5009
599.1000 3.2775 0.5095
604.1000 3.2776 0.5075
609.1000 3.2899 0.5139
614.1000 3.3404 0.5442
619.1000 3.3507 0.5348
624.1000 3.3714 0.5368
629.1000 3.3958 0.5403
634.1000 3.4156 0.5490
639.1000 3.4402 0.5480
644.1000 3.4684 0.5329
649.1000 3.4917 0.5482
654.1000 3.6512 0.6697
659.1000 3.6743 0.6742
664.1000 3.6892 0.6787
669.1000 3.7051 0.6937
674.1000 3.7140 0.6799
679.1000 3.7314 0.6847
684.1000 3.7577 0.6987
689.1000 3.7739 0.6974
694.1000 3.7995 0.6789
699.1000 3.8827 0.6810
704.1000 3.9622 0.6837
709.1000 4.0399 0.6811
714.1000 4.1155 0.6866
719.1000 4.1553 0.6840
724.1000 4.1912 0.6859
729.1000 4.2096 0.6796
734.1000 4.2390 0.6932
739.1000 4.2604 0.6899
744.1000 4.2743 0.6841
749.1000 4.2899 0.6746
754.1000 4.3248 0.6736
759.1000 4.4384 0.6866
764.1000 4.5924 0.7967
769.1000 4.6319 0.8037
774.1000 4.6946 0.8197
779.1000 4.7625 0.8024
784.1000 4.9061 0.8359
789.1000 5.0518 0.8285
794.1000 5.1937 0.8255
799.1000 5.2507 0.8377
804.1000 5.3171 0.8030
809.1000 5.4486 0.8126
814.1000 5.5213 0.7898
819.1000 5.5827 0.7942
824.1000 5.6488 0.7980
829.1000 5.6674 0.7835
834.1000 5.6977 0.7973
839.1000 5.7454 0.7902
844.1000 5.7476 0.7777
849.1000 5.7714 0.7927
854.1000 5.7899 0.7922
859.1000 5.7951 0.7896
864.1000 5.8353 0.7811
869.1000 5.9985 0.8856
874.1000 6.0331 0.9154
879.1000 6.0393 0.9215
884.1000 6.0544 0.8941
889.1000 6.0797 0.8946
894.1000 6.1297 0.9036
899.1000 6.1399 0.9025
904.1000 6.1624 0.9140
909.1000 6.1883 0.9087
914.1000 6.2044 0.9176
919.1000 6.2225 0.9127
924.1000 6.2281 0.9132
929.1000 6.2502 0.9278
934.1000 6.2680 0.9309
939.1000 6.2786 0.9230
944.1000 6.2958 0.9244
949.1000 6.3465 0.9269
954.1000 6.3785 0.9367
959.1000 6.3976 0.9219
964.1000 6.4719 0.9370
969.1000 6.5260 0.9340
974.1000 6.5523 0.9305
979.1000 6.5877 0.9359
984.1000 6.6145 0.9294
989.1000 6.6210 0.9269
994.1000 6.6462 0.9314
999.1000 6.6843 0.9330
1004.1000 6.7263 0.9416
1009.1000 6.7837 0.9239
1014.1000 6.8103 0.9355
1019.1000 6.8610 0.9410
1024.1000 6.9136 0.9476
1029.2000 6.9689 0.9661
1034.3000 7.0354 0.9632
1039.4000 7.1486 0.9580
1044.5000 7.2189 0.9660
1049.6000 7.3334 1.0433
1054.7000 7.3708 1.0538
1059.8000 7.4004 1.0731
1064.9000 7.4759 1.1246
1070.0000 7.5277 1.1379
1075.1000 7.5487 1.1411
1080.2000 7.5613 1.1485
1085.3000 7.6480 1.2506
1090.4000 7.6604 1.2308
1095.5000 7.7031 1.2363
1100.6000 7.7404 1.2259
1105.7000 7.7752 1.2404
1110.8000 7.8431 1.2697
1115.9000 7.8518 1.2219
1121.0000 7.8775 1.2349
1126.1000 7.9136 1.2447
1131.2000 7.9154 1.2270
1136.3000 7.9444 1.2390
1141.4000 7.9801 1.2537
1146.5000 7.9908 1.2524
1151.6000 8.0122 1.2544
1156.7000 8.0397 1.2233
1161.8000 8.0901 1.2562
1166.9000 8.0894 1.2355
1172.0000 8.1053 1.2376
1177.1000 8.1170 1.2321
1182.2000 8.1468 1.2462
1187.3000 8.1610 1.2592
1192.4000 8.1680 1.2649
1197.5000 8.1803 1.2722
1202.6000 8.1999 1.2960
1207.7000 8.2102 1.3063
1212.8000 8.2114 1.3045
1217.9000 8.2110 1.2791
1223.0000 8.2391 1.2841
1228.1000 8.2717 1.2795
1233.2000 8.3322 1.3013
1238.3000 8.3495 1.3024
1243.4000 8.3569 1.2791
1248.5000 8.3697 1.2846
1253.6000 8.4070 1.2907
1258.7000 8.4244 1.2908
1263.8000 8.4599 1.2874
1268.9000 8.4739 1.2825
1274.0000 8.5052 1.2996
1279.1000 8.5240 1.2912
1284.2000 8.5784 1.3023
1289.3000 8.6557 1.3043
1294.4000 8.7600 1.3189
1299.5000 8.8523 1.3066
1304.6000 8.9378 1.2910
1309.7000 9.1121 1.2844
1314.8000 9.2583 1.2925
1319.9000 9.3011 1.2714
1325.0000 9.3391 1.2673
1330.1000 9.3891 1.3005
1335.2000 9.4238 1.3175
1340.3000 9.4406 1.3120
1345.4000 9.4625 1.3195
1350.5000 9.4779 1.3170
1355.6000 9.4804 1.3133
1360.7000 9.4888 1.3151
1365.8000 9.4965 1.3224
1370.9000 9.5062 1.3237
1376.0000 9.5427 1.3153
1381.1000 9.5933 1.3041
1386.2000 9.6041 1.2758
1391.3000 9.6255 1.2957
1396.4000 9.6496 1.2967
1401.5000 9.7023 1.2923
1406.6000 9.7967 1.2959
1411.7000 9.9227 1.3057
1416.8000 10.0235 1.2927
1421.9000 10.1141 1.3263
1427.0000 10.1512 1.3105
1432.1000 10.2319 1.3581
1437.2000 10.2127 1.2862
1442.3000 10.2547 1.2946
1447.4000 10.3026 1.3338
1452.5000 10.3212 1.3216
1457.6000 10.3369 1.3258
1462.7000 10.3554 1.3216
1467.8000 10.3599 1.3011
1472.9000 10.3666 1.2858
1478.0000 10.3842 1.3026
1483.1000 10.3942 1.3125
1488.2000 10.3980 1.3154
1493.3000 10.3901 1.2988
1498.4000 10.4048 1.3151
1503.5000 10.4054 1.3084
1508.6000 10.4146 1.3198
1513.7000 10.4260 1.3302
1518.8000 10.4423 1.3271
1523.9000 10.4428 1.3126
1529.0000 10.4593 1.3106
1534.1000 10.4977 1.3154
1539.2000 10.5317 1.3316
1544.3000 10.5362 1.3216
1549.4000 10.5719 1.3404
1554.5000 10.6031 1.3310
1559.6000 10.6211 1.3274
1564.7000 10.6340 1.3331
1569.8000 10.6388 1.3321
1574.9000 10.6344 1.3207
1580.0000 10.6376 1.3183
1585.1000 10.6494 1.3244
1590.2000 10.6817 1.3265
1595.3000 10.7101 1.3311
1600.4000 10.7408 1.3247
1605.5000 10.7529 1.3260
1610.6000 10.7838 1.3295
1615.7000 10.8093 1.3383
1620.8000 10.8327 1.3312
1625.9000 10.8424 1.3368
1631.0000 10.8718 1.3348
1636.1000 10.9012 1.3306
1641.2000 10.9202 1.3291
1646.3000 10.9539 1.3211
1651.4000 11.0253 1.3346
1656.5000 11.1433 1.3436
1661.6000 11.2941 1.3601
1666.7000 11.4298 1.3271
1671.8000 11.5625 1.3270
1676.9000 11.7434 1.3355
1682.0000 11.9499 1.3046
1687.1000 12.1440 1.3333
1692.2000 12.3226 1.2491
1697.3000 12.5227 1.2888
1702.4000 12.5762 1.2607
1707.5000 12.6549 1.2897
1712.6000 12.7021 1.2860
1717.7000 12.7145 1.2591
1722.8000 12.7658 1.3043
1727.9000 12.7690 1.2716
1733.0000 12.7809 1.2677
1738.1000 12.8398 1.2933
1743.2000 12.8725 1.2620
1748.3000 12.9061 1.2420
1753.4000 12.9590 1.2662
1758.5000 13.0268 1.2517
1763.6000 13.0772 1.2600
1768.7000 13.1246 1.2461
1773.8000 13.1759 1.2542
1778.9000 13.2076 1.2626
1784.0000 13.2653 1.2604
1789.1000 13.3007 1.2532
1794.2000 13.3439 1.2726
1799.3000 13.3674 1.2936
1804.4000 13.3968 1.2775
1809.5000 13.4366 1.2692
1814.6000 13.4609 1.2712
1819.7000 13.4953 1.2778
1824.8000 13.5277 1.2885
1829.9000 13.5470 1.2710
1835.0000 13.5816 1.2983
1840.1000 13.5766 1.2823
1845.2000 13.5881 1.2723
1850.3000 13.6199 1.2760
1855.4000 13.6466 1.2830
1860.5000 13.6665 1.2785
1865.6000 13.6836 1.2896
1870.7000 13.6923 1.2791
1875.8000 13.7111 1.2949
1880.9000 13.7049 1.2746
1886.0000 13.7243 1.2966
1891.1000 13.7332 1.2840
1896.2000 13.7474 1.2777
1901.3000 13.7621 1.2833
1906.4000 13.7858 1.2774
1911.5000 13.8115 1.2954
1916.6000 13.8162 1.2716
1921.7000 13.8168 1.2574
1926.8000 13.8335 1.2765
1931.9000 13.8237 1.2537
1937.0000 13.8292 1.2555
1942.1000 13.8528 1.2757
1947.2000 13.8774 1.2756
1952.3000 13.8868 1.2797
1957.4000 13.8941 1.2706
1962.5000 13.9244 1.2868
1967.6000 13.9421 1.2805
1972.7000 13.9578 1.2940
1977.8000 13.9537 1.2654
1982.9000 13.9802 1.2705
1988.0000 13.9835 1.2628
1993.1000 13.9884 1.2606
1998.2000 14.0105 1.2795
2003.3000 14.0132 1.2700
2008.4000 14.0317 1.2803
2013.5000 14.0363 1.2658
2018.6000 14.0649 1.2740
2023.7000 14.0886 1.2784
2028.8000 14.1179 1.2893
2033.9000 14.1348 1.2858
2039.0000 14.1509 1.2541
2044.1000 14.1708 1.2692
2049.2000 14.1854 1.2593
2054.3000 14.2197 1.2622
2059.4000 14.2862 1.2947
2064.5000 14.3208 1.2933
2069.6000 14.3411 1.2937
2074.7000 14.3839 1.3073
2079.8000 14.4355 1.2987
2084.9000 14.4557 1.2881
2090.0000 14.4864 1.3067
2095.1000 14.4945 1.2921
2100.2000 14.5609 1.3368
2105.3000 14.5788 1.3168
2110.4000 14.6111 1.2919
2115.5000 14.7090 1.3293
2120.6000 14.7309 1.2643
2125.7000 14.7688 1.2695
2130.8000 14.8167 1.2886
2135.9000 14.8501 1.2510
2141.0000 14.9321 1.2684
2146.1000 14.9583 1.2648
2151.2000 15.0031 1.2731
2156.3000 15.0187 1.2591
2161.4000 15.0323 1.2554
2166.5000 15.0551 1.2707
2171.6000 15.0681 1.2651
2176.7000 15.0942 1.2806
2181.8000 15.0886 1.2505
2186.9000 15.1172 1.2672
2192.0000 15.1148 1.2300
2197.1000 15.1557 1.2531
2202.2000 15.1988 1.2378
2207.3000 15.2384 1.2506
2212.4000 15.2752 1.2732
2217.5000 15.2920 1.2751
2222.6000 15.3187 1.2859
2227.7000 15.3573 1.2831
2232.8000 15.3901 1.3042
2237.9000 15.3986 1.2869
2243.0000 15.4197 1.2902
2248.1000 15.4254 1.2704
2253.2000 15.4418 1.2734
2258.3000 15.4757 1.2964
2263.4000 15.4762 1.2905
2268.5000 15.4769 1.2786
2273.6000 15.5056 1.3164
2278.7000 15.5078 1.3022
2283.8000 15.5243 1.3181
2288.9000 15.5628 1.3258
2294.0000 15.5763 1.2987
2299.1000 15.5980 1.3139
2304.2000 15.6035 1.3143
2309.3000 15.6244 1.3269
2314.4000 15.6490 1.3390
2319.5000 15.6445 1.3093
2324.6000 15.6610 1.3093
2329.7000 15.6726 1.3101
2334.8000 15.6947 1.3026
2339.9000 15.7295 1.3163
2345.0000 15.7442 1.3219
2350.1000 15.7729 1.3169
2355.2000 15.8135 1.3258
2360.3000 15.8322 1.3059
2365.4000 15.8576 1.3122
2370.5000 15.9041 1.3432
2375.6000 15.9443 1.3127
2380.7000 15.9936 1.3287
2385.8000 16.0440 1.3485
2390.9000 16.0767 1.3542
2396.0000 16.1092 1.3597
2401.1000 16.1234 1.3459
2406.2000 16.1336 1.3277
2411.3000 16.1648 1.3439
2416.4000 16.1965 1.3616
2421.5000 16.1855 1.3346
2426.6000 16.2062 1.3475
2431.7000 16.2236 1.3534
2436.8000 16.2261 1.3302
2441.9000 16.2606 1.3657
2447.0000 16.2654 1.3502
2452.1000 16.2665 1.3278
2457.2000 16.3300 1.3889
2462.3000 16.3528 1.3834
2467.4000 16.3580 1.3690
2472.5000 16.4005 1.3958
2477.6000 16.3975 1.3742
2482.7000 16.4042 1.3736
2487.8000 16.4238 1.3724
2492.9000 16.4633 1.3947
2498.0000 16.5304 1.4140
2503.1000 16.5454 1.3871
2508.2000 16.5954 1.3582
2513.3000 16.6265 1.3612
2518.4000 16.6973 1.3447
2523.5000 16.7731 1.3623
2528.6000 16.8847 1.3550
2533.7000 17.0609 1.3642
2538.8000 17.1434 1.3194
2543.9000 17.2875 1.3153
2549.0000 17.3661 1.3289
2554.1000 17.4300 1.3382
2559.2000 17.5008 1.3525
2564.3000 17.5364 1.3515
2569.4000 17.5650 1.3377
2574.5000 17.5841 1.3509
2579.6000 17.6035 1.3584
2584.7000 17.6185 1.3530
2589.8000 17.6245 1.3340
2594.9000 17.6496 1.3505
2600.0000 17.6622 1.3587
2605.1000 17.6788 1.3693
2610.2000 17.6912 1.3804
2615.3000 17.6810 1.3607
2620.4000 17.7247 1.3868
2625.5000 17.7775 1.3997
2630.6000 17.7914 1.3729
2635.7000 17.8065 1.3869
2640.8000 17.8042 1.3702
2645.9000 17.8302 1.3816
2651.0000 17.8706 1.3871
2656.1000 17.9125 1.3936
2661.2000 17.9395 1.3643
2666.3000 17.9930 1.3839
2671.4000 18.0181 1.3420
2676.5000 18.1024 1.3677
2681.6000 18.1371 1.3735
2686.7000 18.1749 1.3636
2691.8000 18.2135 1.3932
2696.9000 18.2561 1.4009
2702.0000 18.2895 1.4225
2707.1000 18.2777 1.3786
2712.2000 18.3146 1.4051
2717.3000 18.3290 1.3919
2722.4000 18.3540 1.4056
2727.5000 18.3626 1.4031
2732.6000 18.3775 1.4157
2737.7000 18.3872 1.4113
2742.8000 18.3828 1.3878
2747.9000 18.3916 1.3870
2753.0000 18.4359 1.4148
2758.1000 18.4518 1.4115
2763.2000 18.4476 1.3798
2768.3000 18.4963 1.4289
2773.4000 18.5285 1.4514
2778.5000 18.5144 1.4189
2783.6000 18.5624 1.4392
2788.7000 18.5719 1.4362
2793.8000 18.5852 1.4394
2798.9000 18.6087 1.4563
2804.0000 18.6178 1.4596
2809.1000 18.6107 1.4411
2814.2000 18.6238 1.4409
2819.3000 18.6330 1.4404
2824.4000 18.6540 1.4627
2829.5000 18.6478 1.4443
2834.6000 18.6471 1.4381
2839.7000 18.6658 1.4464
2844.8000 18.6716 1.4332
2849.9000 18.7020 1.4474
2855.0000 18.7058 1.4425
2860.1000 18.7379 1.4628
2865.2000 18.7492 1.4678
2870.3000 18.7675 1.4740
2875.4000 18.8113 1.4909
2880.5000 18.8253 1.4774
2885.6000 18.8679 1.5001
2890.7000 18.9036 1.4872
2895.8000 18.9634 1.4863
2900.9000 19.0423 1.4718
2906.0000 19.1528 1.4857
2911.1000 19.2650 1.4948
2916.2000 19.3243 1.4836
2921.3000 19.3651 1.4596
2926.4000 19.4041 1.4771
2931.5000 19.4331 1.4637
2936.6000 19.4555 1.4486
2941.7000 19.4832 1.4457
2946.8000 19.4862 1.4307
2951.9000 19.5135 1.4448
2957.0000 19.5738 1.4875
2962.1000 19.5848 1.4810
2967.2000 19.5951 1.4754
2972.3000 19.5875 1.4457
2977.4000 19.5928 1.4393
2982.5000 19.6023 1.4387
2987.6000 19.6303 1.4585
2992.7000 19.6570 1.4613
2997.8000 19.6784 1.4721
3002.9000 19.7112 1.4955
3008.0000 19.7246 1.4526
3013.1000 19.7599 1.4723
3018.2000 19.8016 1.4935
3023.3000 19.7992 1.4762
3028.4000 19.8127 1.4813
3033.5000 19.8290 1.4943
3038.6000 19.8343 1.4886
3043.7000 19.8802 1.5092
3048.8000 19.9164 1.5407
3053.9000 19.9540 1.5305
3059.0000 19.9593 1.4990
3064.1000 20.0071 1.5246
3069.2000 20.0580 1.5302
3074.3000 20.0798 1.5186
3079.4000 20.1095 1.5414
3084.5000 20.1104 1.5232
3089.6000 20.1406 1.5592
3094.7000 20.1417 1.5497
3099.8000 20.1685 1.5727
3104.9000 20.1782 1.5762
3110.0000 20.1935 1.5762
3115.1000 20.2552 1.6452
3120.2000 20.2847 1.6534
3125.3000 20.2898 1.6462
3130.4000 20.3074 1.6555
3135.5000 20.3235 1.6621
3140.6000 20.3275 1.6305
3145.7000 20.3696 1.6459
3150.8000 20.4075 1.6587
3155.9000 20.4424 1.6398
3161.0000 20.5132 1.6597
3166.1000 20.5572 1.6444
3171.2000 20.6219 1.6606
3176.3000 20.6306 1.6301
3181.4000 20.6706 1.6461
3186.5000 20.6906 1.6470
3191.6000 20.7327 1.6693
3196.7000 20.7548 1.6739
3201.8000 20.7506 1.6559
3206.9000 20.7671 1.6604
3212.0000 20.7784 1.6670
3217.1000 20.7996 1.6818
3222.2000 20.8143 1.6748
3227.3000 20.8562 1.6857
3232.4000 20.8852 1.6975
3237.5000 20.9291 1.7215
3242.6000 20.9171 1.6930
3247.7000 20.9387 1.7070
3252.8000 20.9737 1.7217
3257.9000 20.9899 1.7377
3263.0000 21.0209 1.7305
3268.1000 21.0512 1.7377
3273.2000 21.0684 1.7443
3278.3000 21.0790 1.7426
3283.4000 21.0998 1.7476
3288.5000 21.1337 1.7307
3293.6000 21.1238 1.6800
3298.7000 21.1913 1.6858
3303.8000 21.2577 1.7012
3308.9000 21.2922 1.7034
3314.0000 21.3540 1.6989
3319.1000 21.4645 1.6757
3324.2000 21.5304 1.6440
3329.3000 21.6109 1.6347
3334.4000 21.7068 1.5910
3339.5000 21.7857 1.6033
3344.6000 21.8900 1.5763
3349.7000 21.9598 1.5817
3354.8000 21.9725 1.5684
3359.9000 22.1068 1.5797
3365.0000 22.2010 1.5885
3370.1000 22.2329 1.5790
3375.2000 22.2664 1.5498
3380.3000 22.3208 1.5335
3385.4000 22.4016 1.5721
3390.5000 22.4073 1.5600
3395.6000 22.4322 1.5546
3400.7000 22.4457 1.5377
3405.8000 22.5057 1.5621
3410.9000 22.5501 1.5596
3416.0000 22.6043 1.5449
3421.1000 22.6550 1.5304
3426.2000 22.7203 1.5145
3431.3000 22.8168 1.5650
3436.4000 22.8908 1.5485
3441.5000 22.9557 1.5676
3446.6000 22.9851 1.5633
3451.7000 23.0101 1.5700
3456.8000 23.0139 1.5467
3461.9000 23.0550 1.5650
3467.0000 23.0883 1.5716
3472.1000 23.1048 1.5759
3477.2000 23.1216 1.5828
3482.3000 23.1099 1.5569
3487.4000 23.1408 1.5897
3492.5000 23.1736 1.6202
3497.6000 23.2066 1.6250
3502.7000 23.2199 1.6232
3507.8000 23.2283 1.6244
3512.9000 23.2509 1.6364
3518.0000 23.2599 1.6270
3523.1000 23.2668 1.6118
3528.2000 23.3033 1.6291
3533.3000 23.3034 1.6211
3538.4000 23.3212 1.6207
3543.5000 23.3244 1.6090
3548.6000 23.3862 1.6304
3553.7000 23.4642 1.6291
3558.8000 23.5429 1.6276
3563.9000 23.6330 1.6462
3569.0000 23.7393 1.6449
3574.1000 23.8627 1.6298
3579.2000 23.9907 1.6115
3584.3000 24.0746 1.6167
3589.4000 24.1208 1.6296
3594.5000 24.1834 1.6263
3599.6000 24.1829 1.5893
