5.1000 0.0000 0.0000
10.2000 0.0000 0.0000
15.3000 0.0000 0.0000
20.3000 0.0000 0.0000
25.3000 0.0000 0.0000
30.3000 0.0000 0.0000
35.3000 0.0009 0.0000
40.3000 0.0009 0.0000
45.3000 0.0009 0.0000
50.3000 0.0009 0.0000
55.3000 0.0009 0.0000
60.3000 0.0029 0.0000
65.4000 0.0039 0.0000
70.5000 0.0039 0.0000
75.6000 0.0048 0.0000
80.7000 0.0068 0.0000
85.8000 0.0088 0.0000
90.9000 0.0115 0.0000
96.0000 0.0124 0.0000
101.1000 0.0124 0.0000
106.2000 0.0133 0.0000
111.3000 0.0143 0.0000
116.4000 0.0175 0.0000
121.5000 0.0183 0.0000
126.6000 0.0202 0.0000
131.7000 0.0202 0.0000
136.8000 0.0212 0.0000
141.9000 0.0212 0.0000
147.0000 0.0222 0.0001
152.1000 0.0222 0.0001
157.2000 0.0239 0.0001
162.3000 0.0248 0.0001
167.4000 0.0256 0.0001
172.5000 0.0284 0.0001
177.6000 0.0293 0.0001
182.7000 0.0302 0.0001
187.8000 0.0302 0.0001
192.9000 0.0302 0.0001
198.0000 0.0310 0.0001
203.1000 0.0328 0.0001
208.2000 0.0354 0.0001
213.3000 0.0354 0.0001
218.4000 0.0362 0.0001
223.5000 0.0388 0.0001
228.6000 0.0388 0.0001
233.7000 0.0413 0.0001
238.8000 0.0422 0.0001
243.9000 0.0422 0.0001
249.0000 0.0447 0.0001
254.1000 0.0473 0.0001
259.1000 0.0473 0.0001
264.1000 0.0502 0.0001
269.1000 0.0528 0.0001
274.1000 0.0563 0.0001
279.1000 0.0571 0.0001
284.1000 0.0606 0.0001
289.1000 0.0614 0.0001
294.1000 0.0662 0.0001
299.1000 0.0705 0.0001
304.1000 0.0905 0.0009
309.1000 0.0922 0.0009
314.1000 0.0949 0.0009
319.1000 0.0958 0.0009
324.1000 0.0990 0.0009
329.1000 0.1170 0.0030
334.1000 0.1221 0.0030
339.1000 0.1239 0.0030
344.1000 0.1264 0.0030
349.1000 0.1291 0.0030
354.1000 0.1308 0.0030
359.1000 0.1518 0.0071
364.1000 0.1546 0.0072
369.1000 0.1554 0.0072
374.1000 0.1629 0.0072
379.1000 0.1658 0.0072
384.1000 0.1684 0.0072
389.1000 0.1730 0.0072
394.1000 0.1756 0.0072
399.1000 0.1784 0.0072
404.1000 0.1880 0.0073
409.1000 0.1931 0.0073
414.1000 0.2003 0.0073
419.1000 0.2058 0.0073
424.1000 0.2308 0.0082
429.1000 0.2594 0.0091
434.1000 0.2671 0.0092
439.1000 0.2755 0.0092
444.1000 0.3024 0.0101
449.1000 0.3117 0.0101
454.1000 0.3176 0.0102
459.1000 0.3257 0.0102
464.1000 0.3292 0.0102
469.1000 0.3397 0.0103
474.1000 0.3758 0.0149
479.1000 0.4101 0.0197
484.1000 0.4228 0.0198
489.1000 0.4592 0.0269
494.1000 0.5035 0.0435
499.1000 0.5120 0.0434
504.1000 0.5310 0.0436
509.1000 0.5446 0.0437
514.1000 0.5529 0.0438
519.1000 0.5625 0.0439
524.1000 0.5746 0.0439
529.1000 0.5839 0.0440
534.1000 0.5970 0.0441
539.1000 0.6129 0.0442
544.1000 0.6206 0.0443
549.1000 0.6308 0.0443
554.1000 0.6428 0.0445
559.1000 0.6658 0.0448
564.1000 0.6801 0.0450
569.1000 0.6864 0.0451
574.1000 0.7036 0.0453
579.1000 0.7171 0.0456
584.1000 0.7307 0.0457
589.1000 0.7465 0.0459
594.1000 0.7568 0.0459
599.1000 0.7673 0.0460
604.1000 0.7758 0.0460
609.1000 0.7882 0.0461
614.1000 0.7952 0.0462
619.1000 0.8088 0.0464
624.1000 0.8260 0.0466
629.1000 0.8391 0.0467
634.1000 0.8646 0.0471
639.1000 0.8765 0.0472
644.1000 0.8895 0.0473
649.1000 0.9009 0.0475
654.1000 0.9169 0.0476
659.1000 0.9339 0.0480
664.1000 0.9493 0.0481
669.1000 0.9555 0.0482
674.1000 0.9803 0.0483
679.1000 1.0123 0.0487
684.1000 1.0340 0.0490
689.1000 1.0479 0.0493
694.1000 1.0652 0.0494
699.1000 1.0825 0.0498
704.1000 1.1027 0.0500
709.1000 1.1236 0.0504
714.1000 1.1448 0.0507
719.1000 1.1863 0.0530
724.1000 1.2574 0.0653
729.1000 1.3046 0.0784
734.1000 1.3742 0.0918
739.1000 1.4658 0.1531
744.1000 1.5230 0.1955
749.1000 1.5526 0.1996
754.1000 1.5704 0.1997
759.1000 1.5839 0.1998
764.1000 1.5988 0.1998
769.1000 1.6179 0.1999
774.1000 1.6560 0.2076
779.1000 1.7708 0.2744
784.1000 1.8294 0.3056
789.1000 1.8482 0.3055
794.1000 1.8651 0.3055
799.1000 1.8839 0.3053
804.1000 1.9023 0.3055
809.1000 1.9142 0.3055
814.1000 1.9291 0.3056
819.1000 1.9427 0.3056
824.1000 1.9568 0.3057
829.1000 1.9707 0.3059
834.1000 1.9834 0.3061
839.1000 1.9904 0.3063
844.1000 1.9987 0.3063
849.1000 2.0200 0.3063
854.1000 2.0420 0.3065
859.1000 2.0582 0.3066
864.1000 2.0719 0.3066
869.1000 2.0794 0.3066
874.1000 2.0934 0.3067
879.1000 2.1022 0.3066
884.1000 2.1183 0.3066
889.1000 2.1368 0.3067
894.1000 2.1485 0.3067
899.1000 2.1611 0.3066
904.1000 2.1706 0.3066
909.1000 2.1781 0.3066
914.1000 2.1948 0.3067
919.1000 2.2122 0.3070
924.1000 2.2316 0.3070
929.1000 2.2429 0.3071
934.1000 2.2518 0.3071
939.1000 2.2662 0.3074
944.1000 2.2735 0.3075
949.1000 2.2840 0.3076
954.1000 2.3158 0.3239
959.1000 2.3239 0.3240
964.1000 2.3339 0.3243
969.1000 2.3688 0.3248
974.1000 2.3844 0.3249
979.1000 2.3952 0.3249
984.1000 2.4074 0.3250
989.1000 2.4189 0.3251
994.1000 2.4382 0.3254
999.1000 2.4536 0.3253
1004.1000 2.5295 0.3918
1009.1000 2.5410 0.3918
1014.1000 2.5614 0.3919
1019.1000 2.5729 0.3919
1024.1000 2.5742 0.3918
1029.2000 2.5838 0.3920
1034.3000 2.6144 0.3948
1039.4000 2.6338 0.3948
1044.5000 2.6526 0.3949
1049.6000 2.6750 0.3947
1054.7000 2.6817 0.3946
1059.8000 2.6915 0.3945
1064.9000 2.7056 0.3945
1070.0000 2.7258 0.3944
1075.1000 2.7471 0.3940
1080.2000 2.7618 0.3939
1085.3000 2.8117 0.4000
1090.4000 2.8238 0.4000
1095.5000 2.8402 0.3999
1100.6000 2.8811 0.4054
1105.7000 2.9086 0.4055
1110.8000 2.9491 0.4166
1115.9000 2.9681 0.4165
1121.0000 3.0051 0.4286
1126.1000 3.0282 0.4286
1131.2000 3.0474 0.4287
1136.3000 3.0584 0.4285
1141.4000 3.0789 0.4285
1146.5000 3.1049 0.4286
1151.6000 3.1230 0.4285
1156.7000 3.1349 0.4285
1161.8000 3.1549 0.4285
1166.9000 3.1700 0.4284
1172.0000 3.1917 0.4282
1177.1000 3.2341 0.4480
1182.2000 3.2628 0.4476
1187.3000 3.3143 0.4645
1192.4000 3.3539 0.4640
1197.5000 3.3823 0.4640
1202.6000 3.4097 0.4638
1207.7000 3.4346 0.4639
1212.8000 3.4612 0.4635
1217.9000 3.5219 0.4822
1223.0000 3.5969 0.5325
1228.1000 3.6170 0.5327
1233.2000 3.6396 0.5330
1238.3000 3.6609 0.5331
1243.4000 3.6951 0.5333
1248.5000 3.7212 0.5332
1253.6000 3.7444 0.5332
1258.7000 3.8425 0.6423
1263.8000 3.8747 0.6416
1268.9000 4.0456 0.8305
1274.0000 4.1553 0.9485
1279.1000 4.2225 1.0151
1284.2000 4.2676 1.0144
1289.3000 4.3246 1.0245
1294.4000 4.3730 1.0244
1299.5000 4.3988 1.0244
1304.6000 4.4451 1.0243
1309.7000 4.4860 1.0289
1314.8000 4.5213 1.0399
1319.9000 4.5456 1.0334
1325.0000 4.5416 0.9685
1330.1000 4.5938 1.0176
1335.2000 4.6147 1.0106
1340.3000 4.6745 1.0467
1345.4000 4.7134 1.0468
1350.5000 4.7515 1.0471
1355.6000 4.7807 1.0473
1360.7000 4.8128 1.0474
1365.8000 4.8511 1.0476
1370.9000 4.9074 1.0854
1376.0000 4.9059 1.0246
1381.1000 4.9678 1.0766
1386.2000 5.0002 1.0767
1391.3000 5.0209 1.0763
1396.4000 5.0629 1.0767
1401.5000 5.1005 1.0766
1406.6000 5.1332 1.0763
1411.7000 5.1656 1.0764
1416.8000 5.1847 1.0764
1421.9000 5.2003 1.0766
1427.0000 5.2197 1.0767
1432.1000 5.2609 1.0768
1437.2000 5.2891 1.0771
1442.3000 5.3143 1.0774
1447.4000 5.3387 1.0772
1452.5000 5.3673 1.0772
1457.6000 5.4092 1.0764
1462.7000 5.4562 1.0759
1467.8000 5.5043 1.0761
1472.9000 5.5450 1.0756
1478.0000 5.5805 1.0754
1483.1000 5.6266 1.0752
1488.2000 5.6613 1.0754
1493.3000 5.6890 1.0760
1498.4000 5.7249 1.0760
1503.5000 5.7635 1.0763
1508.6000 5.8140 1.0768
1513.7000 5.8562 1.0774
1518.8000 5.8917 1.0781
1523.9000 5.9188 1.0780
1529.0000 6.0048 1.0871
1534.1000 6.0424 1.0836
1539.2000 6.0469 1.0247
1544.3000 6.1661 1.1038
1549.4000 6.3482 1.1996
1554.5000 6.4154 1.2061
1559.6000 6.5016 1.2632
1564.7000 6.5580 1.2800
1569.8000 6.6290 1.2988
1574.9000 6.7113 1.3509
1580.0000 6.7485 1.3518
1585.1000 6.7870 1.3525
1590.2000 6.8487 1.3530
1595.3000 6.8862 1.3535
1600.4000 6.9512 1.4011
1605.5000 6.9787 1.3805
1610.6000 7.0140 1.4029
1615.7000 7.0198 1.3595
1620.8000 7.0530 1.3737
1625.9000 7.0454 1.3179
1631.0000 7.1090 1.3627
1636.1000 7.1404 1.3541
1641.2000 7.1840 1.3686
1646.3000 7.2443 1.4071
1651.4000 7.2897 1.4142
1656.5000 7.3046 1.3839
1661.6000 7.3554 1.4156
1666.7000 7.4221 1.4720
1671.8000 7.4746 1.4725
1676.9000 7.5160 1.4729
1682.0000 7.5659 1.4734
1687.1000 7.5819 1.4308
1692.2000 7.6190 1.4315
1697.3000 7.6406 1.4193
1702.4000 7.6875 1.4475
1707.5000 7.7516 1.4865
1712.6000 7.7948 1.4869
1717.7000 7.8246 1.4876
1722.8000 7.8521 1.4881
1727.9000 7.8892 1.4888
1733.0000 7.9054 1.4764
1738.1000 7.9356 1.4739
1743.2000 7.9594 1.4499
1748.3000 8.0293 1.4929
1753.4000 8.0628 1.4935
1758.5000 8.0907 1.4940
1763.6000 8.1259 1.4945
1768.7000 8.1607 1.4948
1773.8000 8.2034 1.4950
1778.9000 8.2445 1.4950
1784.0000 8.2897 1.4952
1789.1000 8.3311 1.4953
1794.2000 8.3651 1.4958
1799.3000 8.4093 1.4964
1804.4000 8.4530 1.4973
1809.5000 8.5080 1.5326
1814.6000 8.5752 1.5784
1819.7000 8.6000 1.5789
1824.8000 8.6349 1.5795
1829.9000 8.6655 1.5795
1835.0000 8.6745 1.5287
1840.1000 8.7508 1.5929
1845.2000 8.8010 1.5939
1850.3000 8.8529 1.5947
1855.4000 8.8989 1.5953
1860.5000 8.9337 1.5959
1865.6000 8.9746 1.5955
1870.7000 9.0099 1.5946
1875.8000 9.0567 1.5932
1880.9000 9.0948 1.5624
1886.0000 9.1204 1.5375
1891.1000 9.1567 1.5249
1896.2000 9.2226 1.5757
1901.3000 9.2620 1.5798
1906.4000 9.2746 1.5105
1911.5000 9.3265 1.5537
1916.6000 9.3567 1.5527
1921.7000 9.3859 1.5504
1926.8000 9.4347 1.5495
1931.9000 9.4704 1.5481
1937.0000 9.5108 1.5465
1942.1000 9.5585 1.5454
1947.2000 9.5585 1.4870
1952.3000 9.6409 1.5205
1957.4000 9.6858 1.5160
1962.5000 9.7359 1.5215
1967.6000 9.8053 1.5487
1972.7000 9.8624 1.5462
1977.8000 9.8985 1.5447
1982.9000 9.9378 1.5428
1988.0000 9.9809 1.5425
1993.1000 10.0170 1.5419
1998.2000 10.0516 1.5370
2003.3000 10.0898 1.5369
2008.4000 10.1667 1.5736
2013.5000 10.2227 1.5774
2018.6000 10.2454 1.5160
2023.7000 10.3273 1.5167
2028.8000 10.3911 1.5094
2033.9000 10.5168 1.6164
2039.0000 10.5770 1.6449
2044.1000 10.5917 1.5893
2049.2000 10.7314 1.6937
2054.3000 10.7766 1.6839
2059.4000 10.8081 1.6489
2064.5000 10.8805 1.6670
2069.6000 10.9554 1.7065
2074.7000 10.9883 1.6919
2079.8000 11.0025 1.6546
2084.9000 11.0287 1.6032
2090.0000 11.1215 1.6836
2095.1000 11.1720 1.6960
2100.2000 11.1793 1.6494
2105.3000 11.2179 1.6753
2110.4000 11.2796 1.7189
2115.5000 11.3320 1.7316
2120.6000 11.3811 1.7256
2125.7000 11.4221 1.7118
2130.8000 11.4906 1.7209
2135.9000 11.5347 1.6950
2141.0000 11.5937 1.6907
2146.1000 11.6591 1.6856
2151.2000 11.7395 1.6803
2156.3000 11.8011 1.6802
2161.4000 11.8820 1.7108
2166.5000 11.9271 1.7095
2171.6000 11.9662 1.7084
2176.7000 12.0078 1.7069
2181.8000 12.0529 1.7045
2186.9000 12.0957 1.7026
2192.0000 12.1376 1.7005
2197.1000 12.1655 1.7000
2202.2000 12.1967 1.6979
2207.3000 12.2387 1.6965
2212.4000 12.2782 1.6957
2217.5000 12.3158 1.6953
2222.6000 12.3548 1.6940
2227.7000 12.3993 1.6916
2232.8000 12.4333 1.6894
2237.9000 12.4590 1.6876
2243.0000 12.4843 1.6858
2248.1000 12.5226 1.6839
2253.2000 12.5803 1.6830
2258.3000 12.6355 1.6820
2263.4000 12.6727 1.6807
2268.5000 12.7202 1.6793
2273.6000 12.7644 1.6784
2278.7000 12.8042 1.6763
2283.8000 12.8493 1.6735
2288.9000 12.8935 1.6703
2294.0000 12.8859 1.6060
2299.1000 12.9334 1.6265
2304.2000 12.9665 1.6194
2309.3000 13.0055 1.6181
2314.4000 13.0555 1.6180
2319.5000 13.1211 1.6166
2324.6000 13.1840 1.6146
2329.7000 13.2352 1.6137
2334.8000 13.2809 1.6130
2339.9000 13.3330 1.6298
2345.0000 13.3213 1.5499
2350.1000 13.3748 1.5629
2355.2000 13.4545 1.5930
2360.3000 13.5121 1.6094
2365.4000 13.5307 1.5818
2370.5000 13.5723 1.5578
2375.6000 13.6398 1.5751
2380.7000 13.6999 1.5865
2385.8000 13.7543 1.6090
2390.9000 13.7830 1.5848
2396.0000 13.7996 1.5526
2401.1000 13.8248 1.5363
2406.2000 13.8520 1.5370
2411.3000 13.8852 1.5444
2416.4000 13.9325 1.5481
2421.5000 13.9846 1.5545
2426.6000 14.0414 1.5708
2431.7000 14.0753 1.5678
2436.8000 14.1094 1.5676
2441.9000 14.1397 1.5590
2447.0000 14.1821 1.5657
2452.1000 14.1942 1.5018
2457.2000 14.2731 1.5511
2462.3000 14.3120 1.5488
2467.4000 14.3427 1.5471
2472.5000 14.3691 1.5468
2477.6000 14.3914 1.5256
2482.7000 14.3555 1.4266
2487.8000 14.4029 1.4526
2492.9000 14.4290 1.4508
2498.0000 14.4667 1.4707
2503.1000 14.4975 1.4715
2508.2000 14.5436 1.4822
2513.3000 14.5696 1.4773
2518.4000 14.5946 1.4780
2523.5000 14.6394 1.4795
2528.6000 14.6853 1.4805
2533.7000 14.7251 1.4818
2538.8000 14.7596 1.4877
2543.9000 14.7971 1.4732
2549.0000 14.8795 1.5275
2554.1000 14.9351 1.5410
2559.2000 14.9946 1.5631
2564.3000 15.0248 1.5632
2569.4000 15.0645 1.5635
2574.5000 15.1015 1.5507
2579.6000 15.1235 1.5235
2584.7000 15.1438 1.5041
2589.8000 15.2072 1.5405
2594.9000 15.2470 1.5430
2600.0000 15.2777 1.5444
2605.1000 15.3100 1.5455
2610.2000 15.3380 1.5466
2615.3000 15.3623 1.5480
2620.4000 15.3909 1.5491
2625.5000 15.4300 1.5512
2630.6000 15.4806 1.5693
2635.7000 15.5058 1.5691
2640.8000 15.5457 1.5705
2645.9000 15.5813 1.5663
2651.0000 15.6148 1.5774
2656.1000 15.6346 1.5688
2661.2000 15.6490 1.5500
2666.3000 15.6827 1.5606
2671.4000 15.7115 1.5607
2676.5000 15.7394 1.5681
2681.6000 15.7696 1.5651
2686.7000 15.8130 1.5781
2691.8000 15.8447 1.5699
2696.9000 15.8803 1.5715
2702.0000 15.9221 1.5731
2707.1000 15.9652 1.5751
2712.2000 16.0071 1.5755
2717.3000 16.0596 1.5766
2722.4000 16.0917 1.5769
2727.5000 16.1243 1.5787
2732.6000 16.1515 1.5797
2737.7000 16.1915 1.5802
2742.8000 16.2214 1.5801
2747.9000 16.2619 1.5815
2753.0000 16.3042 1.5830
2758.1000 16.3341 1.5828
2763.2000 16.3721 1.5835
2768.3000 16.4014 1.5843
2773.4000 16.4394 1.5847
2778.5000 16.4750 1.5850
2783.6000 16.5160 1.5859
2788.7000 16.5468 1.5870
2793.8000 16.5811 1.5874
2798.9000 16.6226 1.5877
2804.0000 16.6572 1.5820
2809.1000 16.6952 1.5834
2814.2000 16.7214 1.5844
2819.3000 16.7478 1.5852
2824.4000 16.7745 1.5862
2829.5000 16.7924 1.5815
2834.6000 16.8066 1.5535
2839.7000 16.8390 1.5541
2844.8000 16.8955 1.5850
2849.9000 16.9222 1.5614
2855.0000 16.9553 1.5476
2860.1000 17.0358 1.6047
2865.2000 17.0750 1.5920
2870.3000 17.1350 1.6175
2875.4000 17.1458 1.5670
2880.5000 17.2001 1.5833
2885.6000 17.2600 1.6011
2890.7000 17.2706 1.5607
2895.8000 17.3261 1.6053
2900.9000 17.3653 1.6056
2906.0000 17.4106 1.6046
2911.1000 17.4206 1.5656
2916.2000 17.4495 1.5535
2921.3000 17.5017 1.5529
2926.4000 17.5317 1.5522
2931.5000 17.5611 1.5484
2936.6000 17.6122 1.5569
2941.7000 17.6569 1.5632
2946.8000 17.6783 1.5279
2951.9000 17.7127 1.5198
2957.0000 17.7783 1.5478
2962.1000 17.8205 1.5469
2967.2000 17.8522 1.5394
2972.3000 17.8766 1.5207
2977.4000 17.9166 1.5270
2982.5000 17.9804 1.5545
2987.6000 18.0169 1.5435
2992.7000 18.0617 1.5564
2997.8000 18.1020 1.5566
3002.9000 18.1439 1.5558
3008.0000 18.1604 1.5294
3013.1000 18.1892 1.5262
3018.2000 18.2068 1.5275
3023.3000 18.2107 1.5131
3028.4000 18.2400 1.5182
3033.5000 18.2580 1.4964
3038.6000 18.2912 1.5054
3043.7000 18.3772 1.6026
3048.8000 18.3854 1.5636
3053.9000 18.4137 1.5622
3059.0000 18.4543 1.5463
3064.1000 18.4905 1.5510
3069.2000 18.5234 1.5434
3074.3000 18.5603 1.5384
3079.4000 18.6198 1.5873
3084.5000 18.6581 1.5845
3089.6000 18.6900 1.5475
3094.7000 18.7474 1.5479
3099.8000 18.7903 1.5467
3104.9000 18.8410 1.5460
3110.0000 18.8881 1.5451
3115.1000 18.9399 1.5436
3120.2000 18.9718 1.5410
3125.3000 18.9684 1.4763
3130.4000 19.0127 1.4750
3135.5000 19.0560 1.4740
3140.6000 19.0967 1.4734
3145.7000 19.1321 1.4718
3150.8000 19.1840 1.4672
3155.9000 19.2235 1.4655
3161.0000 19.2679 1.4641
3166.1000 19.3316 1.4607
3171.2000 19.3739 1.4572
3176.3000 19.4350 1.4863
3181.4000 19.4866 1.4827
3186.5000 19.5400 1.4764
3191.6000 19.5958 1.4724
3196.7000 19.6398 1.4684
3201.8000 19.6976 1.4984
3206.9000 19.7369 1.4959
3212.0000 19.7862 1.4914
3217.1000 19.8400 1.4882
3222.2000 19.9007 1.4682
3227.3000 19.9442 1.4496
3232.4000 19.9901 1.4313
3237.5000 20.0503 1.4388
3242.6000 20.1173 1.4307
3247.7000 20.2000 1.4571
3252.8000 20.2688 1.4669
3257.9000 20.3231 1.4645
3263.0000 20.3677 1.4611
3268.1000 20.4208 1.4412
3273.2000 20.4627 1.4458
3278.3000 20.5023 1.4444
3283.4000 20.5302 1.4097
3288.5000 20.5464 1.3735
3293.6000 20.6548 1.4498
3298.7000 20.6794 1.4076
3303.8000 20.6953 1.3580
3308.9000 20.7375 1.3707
3314.0000 20.7653 1.3623
3319.1000 20.8495 1.4215
3324.2000 20.8623 1.3749
3329.3000 20.8915 1.3593
3334.4000 20.9439 1.3798
3339.5000 20.9551 1.3534
3344.6000 21.0035 1.3738
3349.7000 21.0148 1.3591
3354.8000 21.0671 1.3825
3359.9000 21.0818 1.3494
3365.0000 21.1086 1.3295
3370.1000 21.1647 1.3390
3375.2000 21.2191 1.3336
3380.3000 21.2681 1.3294
3385.4000 21.3192 1.3303
3390.5000 21.3680 1.3376
3395.6000 21.4134 1.3571
3400.7000 21.4427 1.3414
3405.8000 21.4911 1.3344
3410.9000 21.5348 1.3245
3416.0000 21.5599 1.2914
3421.1000 21.6365 1.3456
3426.2000 21.6422 1.3022
3431.3000 21.7041 1.3309
3436.4000 21.7561 1.3256
3441.5000 21.7921 1.3222
3446.6000 21.8214 1.3202
3451.7000 21.8532 1.3092
3456.8000 21.9281 1.3441
3461.9000 21.9187 1.2583
3467.0000 21.9753 1.2669
3472.1000 22.0107 1.2703
3477.2000 22.0335 1.2537
3482.3000 22.0730 1.2491
3487.4000 22.1134 1.2559
3492.5000 22.1814 1.2850
3497.6000 22.2168 1.2825
3502.7000 22.2478 1.2805
3507.8000 22.2720 1.2776
3512.9000 22.2719 1.2388
3518.0000 22.3267 1.2760
3523.1000 22.3403 1.2510
3528.2000 22.4049 1.2659
3533.3000 22.4553 1.2706
3538.4000 22.4889 1.2568
3543.5000 22.5207 1.2524
3548.6000 22.5570 1.2511
3553.7000 22.5883 1.2497
3558.8000 22.6484 1.2878
3563.9000 22.6781 1.2887
3569.0000 22.6909 1.2649
3574.1000 22.7187 1.2670
3579.2000 22.7323 1.2676
3584.3000 22.7371 1.2435
3589.4000 22.7825 1.2520
3594.5000 22.8103 1.2532
3599.6000 22.8354 1.2521
