5.1000 0.0000 0.0000
10.2000 0.0000 0.0000
15.3000 0.0000 0.0000
20.3000 0.0000 0.0000
25.3000 0.0000 0.0000
30.3000 0.0000 0.0000
35.3000 0.1751 0.0368
40.3000 0.1751 0.0368
45.3000 0.1751 0.0368
50.3000 0.1751 0.0368
55.3000 0.1751 0.0368
60.3000 0.3798 0.0864
65.4000 0.3798 0.0864
70.5000 0.3798 0.0864
75.6000 0.3798 0.0864
80.7000 0.7301 0.1567
85.8000 0.9340 0.2036
90.9000 1.1092 0.2372
96.0000 1.1092 0.2372
101.1000 1.2843 0.2701
106.2000 1.8096 0.3651
111.3000 1.9847 0.3956
116.4000 2.2759 0.4858
121.5000 3.0356 0.6211
126.6000 3.0356 0.6211
131.7000 3.0356 0.6211
136.8000 3.6770 0.7548
141.9000 4.3776 0.9024
147.0000 5.4200 1.1576
152.1000 6.0903 1.2704
157.2000 6.3814 1.3367
162.3000 8.7744 1.6331
167.4000 10.9884 2.1427
172.5000 12.9810 2.2985
177.6000 14.5255 2.3719
182.7000 17.0059 2.3583
187.8000 18.2176 2.2966
192.9000 19.0934 2.2110
198.0000 19.4943 2.2368
203.1000 21.8281 2.3192
208.2000 23.8462 3.1534
213.3000 23.8462 3.1534
218.4000 24.1374 3.1163
223.5000 25.6758 3.1366
228.6000 27.8591 3.6267
233.7000 30.5465 4.0805
238.8000 31.6118 4.1871
243.9000 32.7075 4.1815
249.0000 34.6822 5.4213
254.1000 36.3320 6.2334
259.1000 37.4632 6.5941
264.1000 38.2054 6.6058
269.1000 40.2648 7.0726
274.1000 40.4848 7.2598
279.1000 42.3724 7.2373
284.1000 43.5583 7.8209
289.1000 44.1785 8.0050
294.1000 44.1987 8.0265
299.1000 45.3174 8.0772
304.1000 45.5221 7.9420
309.1000 45.9468 7.9690
314.1000 47.0417 8.0150
319.1000 47.0417 8.0150
324.1000 47.4844 8.0667
329.1000 48.4278 8.3069
334.1000 49.7690 8.1829
339.1000 50.3913 8.0867
344.1000 51.0635 8.4051
349.1000 51.2325 8.4187
354.1000 52.1846 8.3700
359.1000 52.1846 8.3700
364.1000 52.1471 8.0644
369.1000 53.3066 8.2022
374.1000 53.3066 8.2022
379.1000 53.8767 8.1404
384.1000 53.8275 8.1002
389.1000 54.0988 8.0002
394.1000 54.0988 8.0002
399.1000 55.0877 7.9013
404.1000 55.8563 7.7690
409.1000 57.6548 7.4695
414.1000 59.2415 7.2334
419.1000 59.8164 7.1787
424.1000 59.8190 7.0278
429.1000 60.5156 6.9274
434.1000 62.3742 6.3168
439.1000 62.4134 6.3087
444.1000 63.3765 6.4146
449.1000 64.1727 6.1669
454.1000 64.5939 6.0127
459.1000 65.8343 5.3890
464.1000 66.5723 5.4247
469.1000 68.6356 4.6807
474.1000 69.6470 4.5489
479.1000 70.0191 4.4082
484.1000 71.1411 4.3613
489.1000 71.6299 4.2969
494.1000 72.6511 4.2904
499.1000 74.1117 4.2267
504.1000 74.6586 3.9198
509.1000 75.4331 3.9619
514.1000 76.1205 3.6490
519.1000 76.4724 3.6598
524.1000 78.1710 3.5566
529.1000 78.4126 3.5484
534.1000 78.6973 3.5287
539.1000 79.5682 3.2878
544.1000 80.5718 3.1284
549.1000 80.9167 2.9641
554.1000 81.8616 2.5657
559.1000 82.0435 2.5439
564.1000 82.2335 2.5089
569.1000 82.2335 2.5089
574.1000 81.8410 2.4685
579.1000 82.6242 2.3141
584.1000 82.8726 2.3504
589.1000 82.8659 2.3489
594.1000 82.8421 2.3476
599.1000 82.9856 2.2935
604.1000 82.7837 2.3014
609.1000 82.4749 2.4659
614.1000 82.9640 2.2904
619.1000 82.7924 2.2973
624.1000 82.9877 2.2916
629.1000 83.0126 2.2938
634.1000 82.9247 2.2778
639.1000 82.9039 2.2741
644.1000 82.3349 2.2294
649.1000 82.0495 2.2595
654.1000 82.5646 2.2621
659.1000 81.8900 2.3464
664.1000 82.9154 2.2893
669.1000 83.2166 2.2920
674.1000 82.9595 2.3103
679.1000 83.4019 2.2583
684.1000 83.1107 2.2701
689.1000 83.2874 2.2567
694.1000 83.5572 2.2508
699.1000 84.0663 2.1755
704.1000 83.9921 2.1710
709.1000 84.3336 2.1511
714.1000 84.3403 2.1524
719.1000 84.0682 2.1519
724.1000 84.6439 2.1174
729.1000 85.0337 2.0725
734.1000 85.2126 2.0109
739.1000 85.6264 1.9659
744.1000 85.5831 1.9649
749.1000 85.5831 1.9649
754.1000 85.6769 1.9215
759.1000 85.6862 1.9218
764.1000 85.6445 1.9207
769.1000 85.6439 1.9206
774.1000 85.5679 1.9159
779.1000 85.7351 1.9335
784.1000 85.7418 1.9346
789.1000 85.6024 1.9539
794.1000 85.7789 1.9159
799.1000 86.0941 1.8318
804.1000 85.5232 1.9332
809.1000 85.9074 1.8339
814.1000 86.2191 1.7700
819.1000 86.1510 1.7816
824.1000 86.2156 1.7115
829.1000 86.4175 1.7300
834.1000 87.1093 1.5704
839.1000 87.6875 1.5187
844.1000 87.5063 1.6601
849.1000 87.9912 1.4733
854.1000 88.0777 1.4158
859.1000 87.5770 1.4844
864.1000 87.8816 1.3452
869.1000 87.1814 1.3844
874.1000 87.7244 1.2550
879.1000 87.5388 1.2737
884.1000 87.5106 1.1525
889.1000 88.1709 1.1332
894.1000 88.1917 1.1283
899.1000 88.1917 1.1283
904.1000 87.9083 1.1675
909.1000 87.6915 1.2727
914.1000 87.4968 1.3618
919.1000 88.6309 1.1241
924.1000 88.4501 1.2303
929.1000 88.6015 1.1087
934.1000 88.6113 1.0537
939.1000 89.3035 0.8675
944.1000 89.3621 0.8226
949.1000 89.0916 0.9084
954.1000 89.6306 0.7547
959.1000 89.3578 0.7854
964.1000 88.9896 0.8608
969.1000 89.2357 0.8324
974.1000 89.0710 0.8581
979.1000 89.5866 0.7849
984.1000 89.8350 0.6800
989.1000 89.5857 0.7227
994.1000 89.6169 0.6811
999.1000 90.0633 0.6242
1004.1000 90.1816 0.6182
1009.1000 90.1919 0.6200
1014.1000 90.2320 0.6634
1019.1000 90.5927 0.6182
1024.1000 89.9016 0.8076
1029.2000 90.5555 0.6059
1034.3000 90.7783 0.5249
1039.4000 89.9037 0.7977
1044.5000 89.4096 0.8267
1049.6000 90.3095 0.5490
1054.7000 89.9547 0.6067
1059.8000 90.1745 0.5022
1064.9000 90.6862 0.4442
1070.0000 90.2734 0.5357
1075.1000 90.3269 0.4808
1080.2000 90.4738 0.4621
1085.3000 90.4441 0.4599
1090.4000 90.2693 0.4656
1095.5000 89.4444 0.5434
1100.6000 89.3182 0.5418
1105.7000 89.3182 0.5418
1110.8000 89.1227 0.5480
1115.9000 88.9729 0.6050
1121.0000 89.6119 0.4958
1126.1000 88.9741 0.5841
1131.2000 89.0720 0.5253
1136.3000 89.0569 0.5213
1141.4000 88.7385 0.5767
1146.5000 89.1674 0.5129
1151.6000 89.1381 0.5175
1156.7000 89.2007 0.5258
1161.8000 89.0415 0.6394
1166.9000 88.8328 0.6361
1172.0000 89.3835 0.5520
1177.1000 89.3946 0.5562
1182.2000 89.2882 0.5413
1187.3000 89.1277 0.5861
1192.4000 89.3033 0.5640
1197.5000 88.7057 0.8196
1202.6000 89.6446 0.6305
1207.7000 89.8918 0.5493
1212.8000 89.6702 0.5433
1217.9000 89.1859 0.6630
1223.0000 89.2321 0.5919
1228.1000 89.5919 0.5189
1233.2000 89.0181 0.6178
1238.3000 89.2213 0.5780
1243.4000 89.5844 0.5022
1248.5000 89.7305 0.5031
1253.6000 88.8498 0.7796
1258.7000 89.1746 0.6022
1263.8000 89.7790 0.4872
1268.9000 89.8302 0.4188
1274.0000 89.7704 0.4172
1279.1000 89.4836 0.4925
1284.2000 89.4349 0.5178
1289.3000 89.7706 0.4048
1294.4000 89.6976 0.3990
1299.5000 89.6198 0.5045
1304.6000 89.2568 0.6469
1309.7000 89.7902 0.4017
1314.8000 89.5377 0.5237
1319.9000 89.7597 0.4299
1325.0000 89.2904 0.5119
1330.1000 89.4356 0.4650
1335.2000 89.6035 0.3640
1340.3000 89.5962 0.3681
1345.4000 89.5026 0.4356
1350.5000 89.6564 0.3646
1355.6000 89.1820 0.3767
1360.7000 88.4450 0.5126
1365.8000 88.7711 0.4681
1370.9000 88.8188 0.4671
1376.0000 88.7331 0.4685
1381.1000 89.0635 0.3540
1386.2000 88.5728 0.4256
1391.3000 88.8476 0.3334
1396.4000 88.6576 0.3185
1401.5000 88.6097 0.3189
1406.6000 88.6833 0.3162
1411.7000 88.5735 0.3167
1416.8000 88.4144 0.3134
1421.9000 88.2531 0.3856
1427.0000 88.2940 0.3358
1432.1000 87.9948 0.4274
1437.2000 88.1952 0.3129
1442.3000 88.3689 0.3037
1447.4000 88.4688 0.3017
1452.5000 88.5886 0.3045
1457.6000 88.3268 0.3756
1462.7000 88.6506 0.3062
1467.8000 87.8987 0.5437
1472.9000 88.3615 0.4140
1478.0000 88.4991 0.3567
1483.1000 88.2697 0.4086
1488.2000 88.3051 0.4187
1493.3000 88.6138 0.3477
1498.4000 87.5147 0.5654
1503.5000 87.8290 0.4160
1508.6000 87.7118 0.4695
1513.7000 87.0277 0.6252
1518.8000 87.2064 0.5872
1523.9000 87.7157 0.4451
1529.0000 88.2175 0.3881
1534.1000 88.3633 0.3821
1539.2000 88.6416 0.3316
1544.3000 88.8606 0.3383
1549.4000 89.1767 0.3170
1554.5000 89.0660 0.3950
1559.6000 88.9577 0.4306
1564.7000 87.9725 0.7643
1569.8000 89.3050 0.3344
1574.9000 88.9153 0.4589
1580.0000 88.6138 0.4238
1585.1000 88.9291 0.3180
1590.2000 88.5062 0.5552
1595.3000 89.0811 0.3257
1600.4000 88.8409 0.4202
1605.5000 88.4595 0.5517
1610.6000 89.4335 0.3341
1615.7000 88.6152 0.4306
1620.8000 88.6029 0.5151
1625.9000 89.1253 0.3201
1631.0000 89.0994 0.3538
1636.1000 89.1617 0.3179
1641.2000 89.1197 0.3193
1646.3000 89.1925 0.3173
1651.4000 89.1823 0.3139
1656.5000 88.7493 0.4539
1661.6000 89.3151 0.3625
1666.7000 89.1623 0.4937
1671.8000 89.1370 0.3927
1676.9000 88.9744 0.4427
1682.0000 88.9958 0.4239
1687.1000 88.9766 0.4235
1692.2000 89.4169 0.3338
1697.3000 89.0590 0.4322
1702.4000 89.4270 0.3337
1707.5000 88.7806 0.5288
1712.6000 88.8000 0.4488
1717.7000 89.2276 0.3925
1722.8000 88.8777 0.5837
1727.9000 88.2961 0.6419
1733.0000 89.3846 0.4335
1738.1000 88.7223 0.5771
1743.2000 89.5396 0.2843
1748.3000 89.2888 0.3803
1753.4000 89.5745 0.2856
1758.5000 89.2918 0.4348
1763.6000 89.3460 0.4752
1768.7000 89.0300 0.5843
1773.8000 89.2320 0.4655
1778.9000 89.0731 0.6138
1784.0000 89.5645 0.4131
1789.1000 89.2869 0.4420
1794.2000 88.8626 0.5738
1799.3000 88.8924 0.6263
1804.4000 88.7723 0.6552
1809.5000 89.1004 0.5322
1814.6000 88.5734 0.6592
1819.7000 88.9936 0.5765
1824.8000 88.9154 0.5765
1829.9000 89.2469 0.4799
1835.0000 89.7685 0.4450
1840.1000 89.5239 0.5099
1845.2000 89.0772 0.5353
1850.3000 89.5742 0.4511
1855.4000 90.2481 0.3852
1860.5000 90.0265 0.4192
1865.6000 90.2183 0.3452
1870.7000 89.8332 0.4387
1875.8000 89.9108 0.3985
1880.9000 90.1160 0.3464
1886.0000 89.8026 0.4291
1891.1000 89.5430 0.5340
1896.2000 88.9499 0.6842
1901.3000 88.6726 0.7300
1906.4000 89.2712 0.5224
1911.5000 90.3328 0.4170
1916.6000 90.5078 0.4286
1921.7000 90.3941 0.4125
1926.8000 90.1882 0.4606
1931.9000 90.0716 0.4874
1937.0000 90.0328 0.4109
1942.1000 89.8671 0.5104
1947.2000 89.9489 0.4612
1952.3000 89.9444 0.4608
1957.4000 89.8031 0.4636
1962.5000 89.7770 0.4360
1967.6000 89.9272 0.4099
1972.7000 89.8742 0.4170
1977.8000 89.2975 0.5845
1982.9000 89.8505 0.4462
1988.0000 89.5940 0.5450
1993.1000 90.0190 0.4209
1998.2000 90.0648 0.4012
2003.3000 89.9094 0.4792
2008.4000 90.2006 0.3987
2013.5000 90.3116 0.3709
2018.6000 90.2123 0.4441
2023.7000 90.3779 0.3681
2028.8000 90.2880 0.3585
2033.9000 89.9697 0.4095
2039.0000 90.1879 0.3684
2044.1000 90.1050 0.3669
2049.2000 89.7193 0.5377
2054.3000 90.1999 0.3711
2059.4000 90.1005 0.3825
2064.5000 90.0457 0.3901
2069.6000 89.8366 0.4638
2074.7000 90.3386 0.3605
2079.8000 90.3979 0.3581
2084.9000 90.2014 0.4498
2090.0000 89.8516 0.5388
2095.1000 89.9899 0.4501
2100.2000 90.1022 0.4390
2105.3000 89.6611 0.5457
2110.4000 90.0119 0.4481
2115.5000 89.8194 0.5227
2120.6000 89.5591 0.5348
2125.7000 89.8331 0.5298
2130.8000 89.7518 0.5340
2135.9000 89.5827 0.5467
2141.0000 89.8334 0.4834
2146.1000 90.1600 0.4106
2151.2000 90.1600 0.4106
2156.3000 89.9740 0.4560
2161.4000 89.5203 0.6893
2166.5000 89.3105 0.7494
2171.6000 88.9867 0.7276
2176.7000 89.5839 0.5283
2181.8000 89.7360 0.5113
2186.9000 89.9490 0.5067
2192.0000 90.1663 0.4443
2197.1000 89.7343 0.5342
2202.2000 89.2373 0.6381
2207.3000 89.4674 0.6447
2212.4000 89.6268 0.6012
2217.5000 89.3202 0.6653
2222.6000 88.6082 0.8289
2227.7000 89.4369 0.6433
2232.8000 89.5245 0.6626
2237.9000 89.8538 0.6162
2243.0000 90.2038 0.5613
2248.1000 89.9303 0.6966
2253.2000 90.7059 0.5300
2258.3000 90.4148 0.6134
2263.4000 90.6144 0.5159
2268.5000 90.2165 0.6210
2273.6000 89.4642 0.5855
2278.7000 90.2773 0.4359
2283.8000 90.0011 0.5038
2288.9000 90.0765 0.4542
2294.0000 89.9371 0.4505
2299.1000 89.6419 0.5438
2304.2000 88.8759 0.7245
2309.3000 88.7536 0.5713
2314.4000 88.3598 0.5364
2319.5000 89.3341 0.6881
2324.6000 89.3438 0.6050
2329.7000 88.7777 0.6446
2334.8000 88.2079 0.7344
2339.9000 89.3577 0.5620
2345.0000 89.0081 0.6559
2350.1000 89.1633 0.6463
2355.2000 89.3412 0.6142
2360.3000 89.7932 0.5247
2365.4000 89.9904 0.4789
2370.5000 89.0726 0.6943
2375.6000 89.5861 0.5626
2380.7000 89.9089 0.4629
2385.8000 89.3657 0.6058
2390.9000 89.9884 0.4475
2396.0000 89.5595 0.5502
2401.1000 90.1239 0.4154
2406.2000 90.2241 0.4106
2411.3000 90.0642 0.5003
2416.4000 89.7801 0.5515
2421.5000 89.8923 0.4370
2426.6000 90.1733 0.3557
2431.7000 90.2735 0.3508
2436.8000 89.9946 0.4449
2441.9000 90.2185 0.4229
2447.0000 90.0492 0.4691
2452.1000 90.2237 0.4533
2457.2000 89.8603 0.4558
2462.3000 89.8939 0.4535
2467.4000 89.8785 0.4481
2472.5000 89.8785 0.4481
2477.6000 89.8194 0.4462
2482.7000 89.2408 0.6527
2487.8000 90.0106 0.4348
2492.9000 90.2819 0.4214
2498.0000 90.1911 0.4238
2503.1000 90.1911 0.4238
2508.2000 90.4350 0.3372
2513.3000 90.1340 0.4818
2518.4000 90.3131 0.3638
2523.5000 90.2572 0.4980
2528.6000 90.2653 0.4913
2533.7000 89.5857 0.6873
2538.8000 89.7758 0.6349
2543.9000 90.4677 0.5044
2549.0000 90.9962 0.3642
2554.1000 90.4642 0.4446
2559.2000 89.7036 0.6228
2564.3000 89.7966 0.4805
2569.4000 89.8606 0.4609
2574.5000 89.9867 0.5308
2579.6000 90.5911 0.3613
2584.7000 90.2114 0.5231
2589.8000 90.2838 0.3820
2594.9000 90.2324 0.3479
2600.0000 90.2896 0.3481
2605.1000 90.3014 0.3468
2610.2000 90.1626 0.3920
2615.3000 90.2224 0.3829
2620.4000 90.0710 0.4087
2625.5000 89.8903 0.4885
2630.6000 89.7923 0.4494
2635.7000 89.6984 0.5568
2640.8000 89.3902 0.5606
2645.9000 90.1008 0.3913
2651.0000 90.1714 0.3869
2656.1000 89.7826 0.4468
2661.2000 89.9582 0.3707
2666.3000 89.8494 0.4224
2671.4000 90.1753 0.3612
2676.5000 89.5239 0.5497
2681.6000 90.0166 0.3562
2686.7000 89.8951 0.3548
2691.8000 89.6250 0.4781
2696.9000 90.0169 0.3551
2702.0000 89.6500 0.5163
2707.1000 89.8101 0.3504
2712.2000 89.8711 0.3536
2717.3000 89.7007 0.3640
2722.4000 89.7007 0.3640
2727.5000 88.9425 0.5699
2732.6000 89.0403 0.5579
2737.7000 88.9494 0.5561
2742.8000 89.0104 0.5604
2747.9000 88.8345 0.6292
2753.0000 88.8143 0.7384
2758.1000 89.2143 0.4964
2763.2000 89.2586 0.5008
2768.3000 89.4663 0.4678
2773.4000 89.4053 0.4641
2778.5000 89.4803 0.4712
2783.6000 89.7431 0.3929
2788.7000 89.8188 0.3983
2793.8000 89.8188 0.3983
2798.9000 89.8188 0.3983
2804.0000 89.4215 0.5033
2809.1000 89.3609 0.4344
2814.2000 88.9919 0.5811
2819.3000 89.1433 0.6551
2824.4000 89.2522 0.4834
2829.5000 89.1451 0.5712
2834.6000 89.0561 0.4640
2839.7000 89.3873 0.3476
2844.8000 89.4463 0.3357
2849.9000 89.1130 0.4171
2855.0000 89.5048 0.3243
2860.1000 89.4437 0.3271
2865.2000 88.5233 0.5751
2870.3000 88.8672 0.4706
2875.4000 89.3058 0.3158
2880.5000 89.3473 0.3254
2885.6000 89.1968 0.3229
2890.7000 89.1916 0.3856
2895.8000 89.7261 0.3539
2900.9000 88.8872 0.6349
2906.0000 89.6267 0.4689
2911.1000 90.0517 0.3305
2916.2000 90.0133 0.3253
2921.3000 90.0133 0.3253
2926.4000 89.6675 0.4044
2931.5000 89.4392 0.4347
2936.6000 89.2544 0.5400
2941.7000 89.8795 0.4008
2946.8000 89.2583 0.4886
2951.9000 88.9143 0.5370
2957.0000 89.1977 0.3614
2962.1000 89.2759 0.2895
2967.2000 89.4940 0.2990
2972.3000 89.0857 0.4137
2977.4000 89.1937 0.4575
2982.5000 89.2251 0.5584
2987.6000 89.2197 0.5531
2992.7000 90.0663 0.3012
2997.8000 89.2202 0.6395
3002.9000 90.1693 0.3165
3008.0000 89.2344 0.6217
3013.1000 89.9414 0.3093
3018.2000 89.9600 0.3077
3023.3000 89.2495 0.4878
3028.4000 89.0595 0.5035
3033.5000 88.8284 0.6374
3038.6000 88.8095 0.5850
3043.7000 88.1624 0.7225
3048.8000 88.0917 0.5378
3053.9000 87.9578 0.4582
3059.0000 87.6181 0.4941
3064.1000 87.2755 0.6237
3069.2000 87.5969 0.4977
3074.3000 87.8122 0.4666
3079.4000 88.0443 0.4793
3084.5000 87.3988 0.5327
3089.6000 87.2764 0.6132
3094.7000 87.3426 0.5800
3099.8000 87.5117 0.5316
3104.9000 87.1818 0.6236
3110.0000 87.3198 0.5644
3115.1000 87.3133 0.5481
3120.2000 87.5238 0.4732
3125.3000 87.6613 0.5398
3130.4000 87.8033 0.4835
3135.5000 87.8237 0.5008
3140.6000 87.6760 0.5051
3145.7000 88.0185 0.4768
3150.8000 87.5456 0.5888
3155.9000 87.7227 0.4883
3161.0000 86.9391 0.6551
3166.1000 86.9595 0.6656
3171.2000 87.2703 0.5754
3176.3000 87.5667 0.3871
3181.4000 87.2395 0.4781
3186.5000 87.5795 0.3922
3191.6000 86.9275 0.5321
3196.7000 86.7469 0.4802
3201.8000 86.7453 0.5309
3206.9000 87.4661 0.3338
3212.0000 87.4108 0.4219
3217.1000 87.5714 0.3914
3222.2000 86.5068 0.4433
3227.3000 86.5316 0.3874
3232.4000 86.2529 0.3753
3237.5000 85.8800 0.4027
3242.6000 86.4587 0.3111
3247.7000 86.1311 0.3246
3252.8000 85.9694 0.2992
3257.9000 85.9345 0.4052
3263.0000 85.9107 0.3412
3268.1000 86.0491 0.3803
3273.2000 85.4946 0.5473
3278.3000 85.0125 0.6849
3283.4000 85.5473 0.4308
3288.5000 85.1245 0.5402
3293.6000 85.8034 0.4315
3298.7000 86.0443 0.4427
3303.8000 85.7080 0.5457
3308.9000 85.9264 0.3738
3314.0000 85.8715 0.3921
3319.1000 85.9337 0.3866
3324.2000 86.1008 0.3782
3329.3000 85.8057 0.4458
3334.4000 86.1459 0.3824
3339.5000 86.1459 0.3824
3344.6000 86.1986 0.4592
3349.7000 86.5362 0.4203
3354.8000 86.4495 0.4653
3359.9000 86.3258 0.4630
3365.0000 86.2991 0.4578
3370.1000 86.2007 0.5186
3375.2000 86.5079 0.4409
3380.3000 86.5182 0.5319
3385.4000 86.2115 0.4473
3390.5000 86.3151 0.4581
3395.6000 86.4524 0.4818
3400.7000 85.9574 0.6674
3405.8000 86.2844 0.5910
3410.9000 86.5116 0.4425
3416.0000 86.3284 0.4667
3421.1000 85.5385 0.5670
3426.2000 85.8742 0.5082
3431.3000 86.5995 0.4718
3436.4000 87.0046 0.5480
3441.5000 86.0543 0.6019
3446.6000 86.9270 0.4560
3451.7000 87.1949 0.4600
3456.8000 87.1494 0.4606
3461.9000 87.2651 0.3886
3467.0000 87.2101 0.4604
3472.1000 87.0737 0.5665
3477.2000 86.3256 0.7316
3482.3000 86.1285 0.8726
3487.4000 86.4935 0.7722
3492.5000 87.2463 0.5706
3497.6000 87.1272 0.5453
3502.7000 87.0426 0.5295
3507.8000 87.4613 0.4582
3512.9000 87.6189 0.4403
3518.0000 87.7644 0.4765
3523.1000 87.8591 0.4877
3528.2000 87.5017 0.5183
3533.3000 87.9163 0.4864
3538.4000 87.8532 0.5089
3543.5000 87.7353 0.5342
3548.6000 87.6614 0.4569
3553.7000 87.5206 0.5404
3558.8000 87.6549 0.5988
3563.9000 87.5770 0.6159
3569.0000 87.9176 0.5046
3574.1000 88.1472 0.5291
3579.2000 88.2354 0.4980
3584.3000 87.7737 0.6456
3589.4000 88.1997 0.5021
3594.5000 87.7654 0.5746
3599.6000 88.2491 0.4422
