5.1000 0.0000 0.0000
10.2000 0.0000 0.0000
15.3000 0.0000 0.0000
20.3000 0.0000 0.0000
25.3000 0.0000 0.0000
30.3000 0.0000 0.0000
35.3000 0.0865 0.0182
40.3000 0.3459 0.0721
45.3000 0.5189 0.1073
50.3000 0.5189 0.1073
55.3000 0.5189 0.1073
60.3000 0.9234 0.2016
65.4000 1.0245 0.2247
70.5000 1.0245 0.2247
75.6000 1.0245 0.2247
80.7000 1.0245 0.2247
85.8000 1.5285 0.3790
90.9000 1.6293 0.4434
96.0000 1.6293 0.4434
101.1000 1.7300 0.4649
106.2000 1.7300 0.4649
111.3000 1.7300 0.4649
116.4000 1.8738 0.5104
121.5000 1.8738 0.5104
126.6000 1.8738 0.5104
131.7000 1.8738 0.5104
136.8000 1.8738 0.5104
141.9000 1.8738 0.5104
147.0000 2.5960 0.8114
152.1000 2.5960 0.8114
157.2000 2.8367 0.8721
162.3000 3.1744 0.9485
167.4000 3.1744 0.9485
172.5000 3.4134 0.9917
177.6000 3.4134 0.9917
182.7000 3.6306 1.1318
187.8000 3.7392 1.1527
192.9000 3.7392 1.1527
198.0000 3.7392 1.1527
203.1000 3.8254 1.2435
208.2000 3.9978 1.2664
213.3000 4.0840 1.2776
218.4000 4.0840 1.2776
223.5000 4.1702 1.3252
228.6000 4.1702 1.3252
233.7000 4.4162 1.4640
238.8000 4.4162 1.4640
243.9000 4.4162 1.4640
249.0000 4.8954 1.6069
254.1000 5.0552 1.6536
259.1000 5.0552 1.6536
264.1000 5.0552 1.6536
269.1000 5.3108 1.7946
274.1000 5.4812 1.8479
279.1000 5.4812 1.8479
284.1000 5.4812 1.8479
289.1000 5.4812 1.8479
294.1000 6.1121 1.9921
299.1000 6.1121 1.9921
304.1000 6.3050 2.0540
309.1000 6.3050 2.0540
314.1000 6.3050 2.0540
319.1000 6.3050 2.0540
324.1000 6.4504 2.2096
329.1000 6.4504 2.2096
334.1000 6.4504 2.2096
339.1000 6.4504 2.2096
344.1000 6.5958 2.2424
349.1000 7.0535 2.4314
354.1000 7.1571 2.4767
359.1000 7.1571 2.4767
364.1000 7.1571 2.4767
369.1000 7.1571 2.4767
374.1000 7.1571 2.4767
379.1000 7.2670 2.4904
384.1000 7.5968 2.6162
389.1000 7.6802 2.6206
394.1000 7.6802 2.6206
399.1000 7.6802 2.6206
404.1000 7.7637 2.6842
409.1000 8.1581 2.8136
414.1000 8.1581 2.8136
419.1000 8.4211 2.8547
424.1000 8.4211 2.8547
429.1000 8.5310 2.8656
434.1000 8.6887 2.9291
439.1000 8.8108 3.0092
444.1000 8.9329 3.0821
449.1000 9.0164 3.0842
454.1000 9.0998 3.0861
459.1000 9.0998 3.0861
464.1000 9.3486 3.1163
469.1000 9.8180 3.2093
474.1000 9.8180 3.2093
479.1000 9.9354 3.2198
484.1000 9.9354 3.2198
489.1000 9.9354 3.2198
494.1000 10.0453 3.2275
499.1000 10.3258 3.3607
504.1000 10.4479 3.4420
509.1000 10.5414 3.5097
514.1000 10.6635 3.5203
519.1000 10.6635 3.5203
524.1000 10.9198 3.6993
529.1000 11.0480 3.7940
534.1000 11.0480 3.7940
539.1000 11.0480 3.7940
544.1000 11.0480 3.7940
549.1000 11.1415 3.7947
554.1000 11.1415 3.7947
559.1000 11.4456 3.8017
564.1000 11.5509 3.8871
569.1000 11.5509 3.8871
574.1000 11.7844 3.9691
579.1000 11.7844 3.9691
584.1000 12.2789 4.1229
589.1000 12.6190 4.2075
594.1000 12.6190 4.2075
599.1000 12.6190 4.2075
604.1000 12.6190 4.2075
609.1000 12.7626 4.2989
614.1000 13.3372 4.4170
619.1000 13.3372 4.4170
624.1000 13.3372 4.4170
629.1000 13.4808 4.4290
634.1000 13.4808 4.4290
639.1000 13.4808 4.4290
644.1000 14.0633 4.7196
649.1000 14.0633 4.7196
654.1000 14.0633 4.7196
659.1000 14.0633 4.7196
664.1000 14.0633 4.7196
669.1000 14.1472 4.7132
674.1000 14.1472 4.7132
679.1000 14.1472 4.7132
684.1000 14.1472 4.7132
689.1000 14.1472 4.7132
694.1000 14.2637 4.7711
699.1000 14.4727 4.8380
704.1000 14.5771 4.8344
709.1000 14.5771 4.8344
714.1000 14.5771 4.8344
719.1000 14.5771 4.8344
724.1000 14.5771 4.8344
729.1000 14.7449 4.8197
734.1000 15.0700 4.9973
739.1000 15.0700 4.9973
744.1000 15.2325 5.0814
749.1000 15.2325 5.0814
754.1000 15.3164 5.0731
759.1000 15.6899 5.1575
764.1000 15.6899 5.1575
769.1000 15.7943 5.1992
774.1000 15.9391 5.3670
779.1000 16.0839 5.4404
784.1000 16.0839 5.4404
789.1000 16.0858 5.4140
794.1000 16.2483 5.5420
799.1000 16.2483 5.5420
804.1000 16.3931 5.5461
809.1000 16.3931 5.5461
814.1000 16.4770 5.6336
819.1000 17.0396 5.8265
824.1000 17.3298 5.8979
829.1000 17.6956 6.0841
834.1000 17.6956 6.0841
839.1000 17.6956 6.0841
844.1000 17.9106 6.1868
849.1000 18.0211 6.2636
854.1000 18.2598 6.2515
859.1000 18.2598 6.2515
864.1000 18.3703 6.2864
869.1000 18.4809 6.2756
874.1000 18.4809 6.2756
879.1000 18.4809 6.2756
884.1000 18.6995 6.3792
889.1000 18.9182 6.6039
894.1000 19.2446 6.6671
899.1000 19.2446 6.6671
904.1000 19.2446 6.6671
909.1000 19.2446 6.6671
914.1000 19.3445 6.7234
919.1000 19.4523 6.7101
924.1000 19.4523 6.7101
929.1000 19.4523 6.7101
934.1000 19.6522 6.7970
939.1000 19.6522 6.7970
944.1000 19.6522 6.7970
949.1000 19.6660 6.8148
954.1000 19.6660 6.8148
959.1000 19.6660 6.8148
964.1000 19.6660 6.8148
969.1000 19.6660 6.8148
974.1000 19.5808 6.7225
979.1000 19.9273 6.8648
984.1000 20.0387 6.8506
989.1000 20.0387 6.8506
994.1000 20.2501 6.9651
999.1000 20.5852 7.0345
1004.1000 20.5990 7.0511
1009.1000 20.9134 7.0229
1014.1000 21.1371 7.0262
1019.1000 21.2532 7.0590
1024.1000 21.3610 7.1092
1029.2000 21.3610 7.1092
1034.3000 21.3610 7.1092
1039.4000 21.5242 7.2096
1044.5000 21.5242 7.2096
1049.6000 21.6241 7.2879
1054.7000 21.6241 7.2879
1059.8000 21.6241 7.2879
1064.9000 21.9423 7.4022
1070.0000 21.9423 7.4022
1075.1000 22.0584 7.4567
1080.2000 22.0584 7.4567
1085.3000 22.1855 7.5732
1090.4000 22.1855 7.5732
1095.5000 22.3707 7.6450
1100.6000 22.9809 8.0462
1105.7000 23.1334 8.0329
1110.8000 23.1369 8.0360
1115.9000 23.1369 8.0360
1121.0000 23.4510 8.0107
1126.1000 23.7290 8.0443
1131.2000 24.0310 8.0921
1136.3000 24.0310 8.0921
1141.4000 24.0310 8.0921
1146.5000 24.0310 8.0921
1151.6000 24.0310 8.0921
1156.7000 24.5998 8.4285
1161.8000 24.7268 8.4054
1166.9000 24.7268 8.4054
1172.0000 24.7268 8.4054
1177.1000 24.7268 8.4054
1182.2000 24.7268 8.4054
1187.3000 25.0847 8.5434
1192.4000 25.0847 8.5434
1197.5000 25.5120 8.7746
1202.6000 25.6390 8.8387
1207.7000 25.6390 8.8387
1212.8000 25.7645 8.8812
1217.9000 26.1120 9.0010
1223.0000 26.1120 9.0010
1228.1000 26.1104 8.9990
1233.2000 26.3421 9.0913
1238.3000 26.3421 9.0913
1243.4000 26.2139 8.9820
1248.5000 26.4719 9.1430
1253.6000 26.7486 9.0895
1258.7000 26.8869 9.0622
1263.8000 26.8869 9.0622
1268.9000 27.0253 9.1997
1274.0000 27.0253 9.1997
1279.1000 27.0253 9.1997
1284.2000 27.1939 9.3695
1289.3000 27.3353 9.3449
1294.4000 27.4821 9.4807
1299.5000 27.5354 9.5402
1304.6000 27.5354 9.5402
1309.7000 27.8290 9.5670
1314.8000 28.1644 9.7588
1319.9000 28.2692 9.7819
1325.0000 28.2692 9.7819
1330.1000 28.2692 9.7819
1335.2000 28.3740 9.8249
1340.3000 28.3740 9.8249
1345.4000 28.5378 9.8772
1350.5000 28.7016 9.8163
1355.6000 28.7016 9.8163
1360.7000 28.7016 9.8163
1365.8000 28.7016 9.8163
1370.9000 28.8654 9.9003
1376.0000 28.8654 9.9003
1381.1000 28.8631 9.8979
1386.2000 29.0783 10.0057
1391.3000 29.1859 10.0282
1396.4000 29.3491 10.0918
1401.5000 29.3491 10.0918
1406.6000 29.3491 10.0918
1411.7000 29.4811 10.2241
1416.8000 29.4811 10.2241
1421.9000 29.4811 10.2241
1427.0000 29.6443 10.1929
1432.1000 29.6443 10.1929
1437.2000 29.7416 10.1583
1442.3000 29.9710 10.1849
1447.4000 29.9710 10.1849
1452.5000 30.2977 10.3430
1457.6000 30.2977 10.3430
1462.7000 30.5271 10.4754
1467.8000 30.4819 10.4215
1472.9000 30.4740 10.3753
1478.0000 30.4740 10.3753
1483.1000 30.9385 10.4652
1488.2000 31.0383 10.5447
1493.3000 31.0383 10.5447
1498.4000 31.1311 10.5551
1503.5000 31.2313 10.6150
1508.6000 31.3389 10.6422
1513.7000 31.4465 10.7237
1518.8000 31.4465 10.7237
1523.9000 31.4465 10.7237
1529.0000 31.7355 10.7070
1534.1000 31.7355 10.7070
1539.2000 31.9231 10.8710
1544.3000 31.9231 10.8710
1549.4000 31.9231 10.8710
1554.5000 31.8803 10.8278
1559.6000 31.8803 10.8278
1564.7000 31.9957 10.9084
1569.8000 31.9957 10.9084
1574.9000 31.9957 10.9084
1580.0000 31.9022 10.8531
1585.1000 32.0033 10.9308
1590.2000 32.4167 11.0484
1595.3000 32.4167 11.0484
1600.4000 32.5753 11.0935
1605.5000 32.5753 11.0935
1610.6000 32.5888 11.1065
1615.7000 32.5888 11.1065
1620.8000 33.0620 11.1934
1625.9000 33.0620 11.1934
1631.0000 33.0620 11.1934
1636.1000 33.2030 11.1487
1641.2000 33.2030 11.1487
1646.3000 33.3429 11.1035
1651.4000 33.3598 11.1242
1656.5000 33.3598 11.1242
1661.6000 33.6407 11.2032
1666.7000 33.7806 11.1569
1671.8000 33.7806 11.1569
1676.9000 33.7806 11.1569
1682.0000 34.0731 11.3384
1687.1000 34.1018 11.3682
1692.2000 34.3698 11.5533
1697.3000 34.3698 11.5533
1702.4000 34.3698 11.5533
1707.5000 34.7981 11.6010
1712.6000 34.7981 11.6010
1717.7000 34.9424 11.7178
1722.8000 35.2234 11.7604
1727.9000 35.2234 11.7604
1733.0000 35.2234 11.7604
1738.1000 35.2234 11.7604
1743.2000 35.3607 11.8111
1748.3000 35.3607 11.8111
1753.4000 35.3607 11.8111
1758.5000 35.4969 11.9247
1763.6000 35.4969 11.9247
1768.7000 35.4969 11.9247
1773.8000 35.6423 11.9735
1778.9000 35.7878 11.9882
1784.0000 35.7878 11.9882
1789.1000 35.8233 12.0126
1794.2000 35.9579 12.1189
1799.3000 35.9579 12.1189
1804.4000 36.2166 12.2524
1809.5000 36.2249 12.2619
1814.6000 36.2249 12.2619
1819.7000 36.2249 12.2619
1824.8000 36.2249 12.2619
1829.9000 36.4818 12.3358
1835.0000 36.3659 12.2518
1840.1000 36.2622 12.1745
1845.2000 36.4365 12.1528
1850.3000 36.3620 12.0821
1855.4000 36.7296 12.3486
1860.5000 36.8520 12.4598
1865.6000 36.9730 12.5596
1870.7000 37.0005 12.5865
1875.8000 37.0005 12.5865
1880.9000 37.0005 12.5865
1886.0000 37.2766 12.7117
1891.1000 37.4864 12.8650
1896.2000 37.4864 12.8650
1901.3000 37.4864 12.8650
1906.4000 37.4864 12.8650
1911.5000 37.5816 12.9174
1916.6000 37.5816 12.9174
1921.7000 37.7813 12.9288
1926.8000 37.7813 12.9288
1931.9000 37.7813 12.9288
1937.0000 37.7813 12.9288
1942.1000 37.7393 12.8640
1947.2000 37.7606 12.8837
1952.3000 37.7606 12.8837
1957.4000 37.8830 12.8910
1962.5000 37.8830 12.8910
1967.6000 37.8830 12.8910
1972.7000 37.9985 12.9152
1977.8000 37.9985 12.9152
1982.9000 37.9780 12.9052
1988.0000 38.1474 12.9290
1993.1000 38.3336 13.0208
1998.2000 38.4419 13.1076
2003.3000 38.4419 13.1076
2008.4000 38.4419 13.1076
2013.5000 38.5573 13.2021
2018.6000 38.5813 13.1914
2023.7000 39.1711 13.5001
2028.8000 39.1711 13.5001
2033.9000 39.1711 13.5001
2039.0000 39.2909 13.5798
2044.1000 39.2909 13.5798
2049.2000 39.4076 13.6467
2054.3000 39.4442 13.6994
2059.4000 39.5886 13.7877
2064.5000 39.7054 13.8638
2069.6000 39.5783 13.8263
2074.7000 39.6836 13.8425
2079.8000 39.6836 13.8425
2084.9000 39.6836 13.8425
2090.0000 39.8051 13.7821
2095.1000 39.8051 13.7821
2100.2000 39.7904 13.7684
2105.3000 39.7904 13.7684
2110.4000 39.7904 13.7684
2115.5000 39.7904 13.7684
2120.6000 40.0338 13.7294
2125.7000 40.0338 13.7294
2130.8000 40.0338 13.7294
2135.9000 40.1939 13.7059
2141.0000 40.0861 13.6355
2146.1000 40.4783 13.7788
2151.2000 40.3545 13.7129
2156.3000 40.4760 13.8043
2161.4000 40.7559 13.9223
2166.5000 40.8839 14.0302
2171.6000 41.0091 14.0960
2176.7000 41.0935 14.1378
2181.8000 41.0935 14.1378
2186.9000 41.0935 14.1378
2192.0000 40.9777 14.0406
2197.1000 40.9777 14.0406
2202.2000 40.9470 14.0749
2207.3000 41.2083 14.1780
2212.4000 41.2927 14.2146
2217.5000 41.3771 14.2383
2222.6000 41.3771 14.2383
2227.7000 41.3771 14.2383
2232.8000 41.4586 14.2373
2237.9000 41.4586 14.2373
2243.0000 41.4586 14.2373
2248.1000 41.4586 14.2373
2253.2000 41.4586 14.2373
2258.3000 41.4586 14.2373
2263.4000 41.5061 14.2872
2268.5000 41.3807 14.1943
2273.6000 41.5012 14.0233
2278.7000 41.5012 14.0233
2283.8000 41.5012 14.0233
2288.9000 41.6277 14.1068
2294.0000 41.8807 14.1737
2299.1000 42.0071 14.2498
2304.2000 42.0060 14.2486
2309.3000 42.1147 14.1055
2314.4000 42.1314 14.1240
2319.5000 42.0152 14.0242
2324.6000 41.9992 14.0072
2329.7000 41.9700 13.9826
2334.8000 41.9700 13.9826
2339.9000 41.9226 13.9363
2345.0000 41.9226 13.9363
2350.1000 41.9545 13.9633
2355.2000 41.9360 13.9431
2360.3000 41.8422 13.8884
2365.4000 41.8271 13.8764
2370.5000 41.8271 13.8764
2375.6000 41.8271 13.8764
2380.7000 42.3631 14.0250
2385.8000 42.3631 14.0250
2390.9000 42.3271 13.9962
2396.0000 42.3491 14.0168
2401.1000 42.3491 14.0168
2406.2000 42.3491 14.0168
2411.3000 42.3781 14.0395
2416.4000 42.3615 14.0200
2421.5000 42.3615 14.0200
2426.6000 42.3453 14.0054
2431.7000 42.3453 14.0054
2436.8000 42.3453 14.0054
2441.9000 42.3983 14.0465
2447.0000 42.3760 14.0246
2452.1000 42.3888 14.0414
2457.2000 42.3941 14.0464
2462.3000 42.4161 14.0664
2467.4000 42.5231 14.1449
2472.5000 42.5231 14.1449
2477.6000 42.5231 14.1449
2482.7000 42.5231 14.1449
2487.8000 42.6113 14.1771
2492.9000 42.9594 14.1700
2498.0000 42.9594 14.1700
2503.1000 42.9594 14.1700
2508.2000 43.0328 14.2380
2513.3000 43.0328 14.2380
2518.4000 43.0328 14.2380
2523.5000 43.1684 14.3319
2528.6000 43.3104 14.4250
2533.7000 43.3104 14.4250
2538.8000 43.3328 14.4447
2543.9000 43.3719 14.4850
2549.0000 43.4788 14.5616
2554.1000 43.4922 14.5718
2559.2000 43.5652 14.6073
2564.3000 43.5692 14.5447
2569.4000 43.6761 14.6303
2574.5000 43.6402 14.5957
2579.6000 43.6402 14.5957
2584.7000 43.5975 14.5586
2589.8000 43.5975 14.5586
2594.9000 43.7063 14.6391
2600.0000 43.7063 14.6391
2605.1000 43.6769 14.6153
2610.2000 43.5595 14.5561
2615.3000 43.6951 14.6306
2620.4000 43.7811 14.6141
2625.5000 43.9259 14.5210
2630.6000 44.0119 14.4635
2635.7000 44.0119 14.4635
2640.8000 43.8651 14.3743
2645.9000 43.9033 14.4060
2651.0000 44.1129 14.5676
2656.1000 44.2662 14.5614
2661.2000 44.2662 14.5614
2666.3000 44.3121 14.4695
2671.4000 44.3121 14.4695
2676.5000 44.3121 14.4695
2681.6000 44.7607 14.5916
2686.7000 44.9214 14.6274
2691.8000 45.0710 14.7208
2696.9000 45.0710 14.7208
2702.0000 45.0710 14.7208
2707.1000 45.0710 14.7208
2712.2000 45.0710 14.7208
2717.3000 45.0677 14.7207
2722.4000 45.1869 14.7730
2727.5000 45.1869 14.7730
2732.6000 45.1869 14.7730
2737.7000 45.1869 14.7730
2742.8000 45.1785 14.7659
2747.9000 45.2724 14.8260
2753.0000 45.1713 14.7708
2758.1000 45.2905 14.8426
2763.2000 45.4097 14.7693
2768.3000 45.4097 14.7693
2773.4000 45.4097 14.7693
2778.5000 45.4097 14.7693
2783.6000 45.4284 14.7870
2788.7000 45.4284 14.7870
2793.8000 45.4284 14.7870
2798.9000 45.4284 14.7870
2804.0000 45.4284 14.7870
2809.1000 45.5557 14.8068
2814.2000 45.6550 14.8274
2819.3000 45.9534 14.9339
2824.4000 45.9329 14.9169
2829.5000 45.9465 14.9269
2834.6000 45.8276 14.8417
2839.7000 45.8276 14.8417
2844.8000 45.8508 14.8262
2849.9000 45.6770 14.7133
2855.0000 45.6770 14.7133
2860.1000 45.7708 14.7774
2865.2000 45.7466 14.7659
2870.3000 45.7466 14.7659
2875.4000 46.0025 14.8609
2880.5000 45.9071 14.8154
2885.6000 46.0009 14.8182
2890.7000 46.0009 14.8182
2895.8000 46.0271 14.8358
2900.9000 45.8704 14.7462
2906.0000 45.8345 14.7086
2911.1000 45.8345 14.7086
2916.2000 45.8345 14.7086
2921.3000 45.8345 14.7086
2926.4000 45.8345 14.7086
2931.5000 46.0426 14.7966
2936.6000 46.1431 14.8033
2941.7000 46.2264 14.8516
2946.8000 46.2264 14.8516
2951.9000 46.2264 14.8516
2957.0000 46.3878 14.7660
2962.1000 46.3878 14.7660
2967.2000 46.3878 14.7660
2972.3000 46.3878 14.7660
2977.4000 46.5493 14.7481
2982.5000 46.8081 14.8389
2987.6000 46.8185 14.8439
2992.7000 46.8523 14.8743
2997.8000 46.8523 14.8743
3002.9000 47.0597 15.0037
3008.0000 47.0597 15.0037
3013.1000 47.0533 14.9980
3018.2000 47.0533 14.9980
3023.3000 47.1101 15.0356
3028.4000 47.1101 15.0356
3033.5000 47.1101 15.0356
3038.6000 47.1339 15.0301
3043.7000 47.1339 15.0301
3048.8000 47.4053 15.1621
3053.9000 47.4053 15.1621
3059.0000 47.5588 15.1470
3064.1000 47.5588 15.1470
3069.2000 47.5361 15.1276
3074.3000 47.5444 15.1442
3079.4000 47.7069 15.2620
3084.5000 47.8426 15.2567
3089.6000 47.8426 15.2567
3094.7000 47.8426 15.2567
3099.8000 47.8426 15.2567
3104.9000 47.7820 15.2024
3110.0000 47.9984 15.3020
3115.1000 47.9984 15.3020
3120.2000 47.9984 15.3020
3125.3000 48.0157 15.3193
3130.4000 47.7014 15.1740
3135.5000 47.9330 15.2744
3140.6000 47.9444 15.2842
3145.7000 47.9444 15.2842
3150.8000 47.9444 15.2842
3155.9000 48.0023 15.3027
3161.0000 47.9583 15.2629
3166.1000 47.9322 15.2534
3171.2000 47.9322 15.2534
3176.3000 47.9322 15.2534
3181.4000 47.9322 15.2534
3186.5000 48.0501 15.3313
3191.6000 48.1420 15.4036
3196.7000 48.1420 15.4036
3201.8000 48.1420 15.4036
3206.9000 48.1420 15.4036
3212.0000 48.1420 15.4036
3217.1000 48.1420 15.4036
3222.2000 48.2549 15.4571
3227.3000 48.2549 15.4571
3232.4000 48.2549 15.4571
3237.5000 48.2549 15.4571
3242.6000 48.2549 15.4571
3247.7000 48.3468 15.4986
3252.8000 48.3754 15.5260
3257.9000 48.2690 15.4638
3263.0000 48.2749 15.4691
3268.1000 48.0269 15.3474
3273.2000 48.0660 15.3780
3278.3000 48.1638 15.4254
3283.4000 48.2445 15.4789
3288.5000 48.2760 15.5030
3293.6000 48.2760 15.5030
3298.7000 48.1953 15.4610
3303.8000 48.2872 15.5112
3308.9000 48.4347 15.4101
3314.0000 48.5529 15.4054
3319.1000 48.6110 15.4071
3324.2000 48.6170 15.4108
3329.3000 48.6170 15.4108
3334.4000 48.6170 15.4108
3339.5000 48.6170 15.4108
3344.6000 48.6327 15.4243
3349.7000 48.6327 15.4243
3354.8000 48.6327 15.4243
3359.9000 48.6327 15.4243
3365.0000 48.6327 15.4243
3370.1000 48.6609 15.4468
3375.2000 48.6868 15.4233
3380.3000 48.5647 15.3872
3385.4000 48.6940 15.4319
3390.5000 48.6940 15.4319
3395.6000 48.6940 15.4319
3400.7000 48.8832 15.4919
3405.8000 48.8863 15.4946
3410.9000 48.8863 15.4946
3416.0000 48.8863 15.4946
3421.1000 49.1454 15.5552
3426.2000 49.3733 15.6944
3431.3000 49.4835 15.7764
3436.4000 49.4835 15.7764
3441.5000 49.4835 15.7764
3446.6000 49.6242 15.8568
3451.7000 49.5914 15.8446
3456.8000 49.6304 15.8635
3461.9000 49.6628 15.8339
3467.0000 49.7579 15.8724
3472.1000 49.7242 15.8455
3477.2000 49.7242 15.8455
3482.3000 49.8719 15.9312
3487.4000 49.8393 15.9074
3492.5000 49.8238 15.8947
3497.6000 49.8050 15.8806
3502.7000 49.6244 15.7526
3507.8000 49.7096 15.8180
3512.9000 49.7096 15.8180
3518.0000 49.5768 15.7672
3523.1000 49.5543 15.7523
3528.2000 49.5710 15.7711
3533.3000 49.5710 15.7711
3538.4000 49.5710 15.7711
3543.5000 49.6019 15.7428
3548.6000 49.5796 15.7268
3553.7000 49.6117 15.7553
3558.8000 49.6117 15.7553
3563.9000 49.6117 15.7553
3569.0000 49.6443 15.7844
3574.1000 49.6443 15.7844
3579.2000 49.6158 15.7578
3584.3000 49.4718 15.6905
3589.4000 49.3359 15.6181
3594.5000 49.3359 15.6181
3599.6000 49.3359 15.6181
