5.1000 0.0000 0.0000
10.2000 0.0000 0.0000
15.3000 0.0000 0.0000
20.3000 0.0000 0.0000
25.3000 0.0000 0.0000
30.3000 0.0000 0.0000
35.3000 0.0347 0.0073
40.3000 0.0347 0.0073
45.3000 0.0347 0.0073
50.3000 0.0347 0.0073
55.3000 0.0347 0.0073
60.3000 0.0753 0.0174
65.4000 0.0753 0.0174
70.5000 0.0753 0.0174
75.6000 0.0753 0.0174
80.7000 0.0753 0.0174
85.8000 0.1158 0.0273
90.9000 0.1158 0.0273
96.0000 0.1158 0.0273
101.1000 0.1158 0.0273
106.2000 0.1158 0.0273
111.3000 0.1158 0.0273
116.4000 0.1736 0.0475
121.5000 0.1736 0.0475
126.6000 0.1736 0.0475
131.7000 0.1736 0.0475
136.8000 0.2548 0.0672
141.9000 0.4985 0.1430
147.0000 0.8183 0.2911
152.1000 1.2194 0.4390
157.2000 1.4597 0.5106
162.3000 1.6966 0.6566
167.4000 1.8540 0.7466
172.5000 1.9412 0.7665
177.6000 2.2389 0.8507
182.7000 2.4868 1.0457
187.8000 2.8910 1.2038
192.9000 3.1313 1.3083
198.0000 3.4965 1.4347
203.1000 4.3319 1.8364
208.2000 4.6143 2.0134
213.3000 4.7067 2.0907
218.4000 4.9410 2.1999
223.5000 5.4071 2.5979
228.6000 5.7963 2.7576
233.7000 6.5928 3.1883
238.8000 7.3260 3.8726
243.9000 8.3395 4.4052
249.0000 9.0488 4.6143
254.1000 9.3362 4.7297
259.1000 9.8749 5.1232
264.1000 10.7828 5.8527
269.1000 11.3751 6.1068
274.1000 11.7250 6.3163
279.1000 12.5693 6.8612
284.1000 13.0811 7.0688
289.1000 13.6313 7.4851
294.1000 13.8802 7.5227
299.1000 14.3679 7.8930
304.1000 14.5008 7.8334
309.1000 14.9867 7.9789
314.1000 15.6138 8.3964
319.1000 16.0623 8.6868
324.1000 16.5097 9.0391
329.1000 16.4720 8.8205
334.1000 17.2934 9.4648
339.1000 17.7141 9.6902
344.1000 18.5878 10.4380
349.1000 19.0930 10.7112
354.1000 19.6738 10.9336
359.1000 19.7101 10.9618
364.1000 20.3044 11.3571
369.1000 20.7295 11.4498
374.1000 21.4770 11.9125
379.1000 21.8413 12.0867
384.1000 22.2594 12.4382
389.1000 22.6696 12.8711
394.1000 22.6581 12.7381
399.1000 23.4742 13.3317
404.1000 23.6600 13.3829
409.1000 23.3961 13.1316
414.1000 24.5418 14.2851
419.1000 24.4189 13.9977
424.1000 24.4966 14.1286
429.1000 24.7161 14.2949
434.1000 25.0880 14.5874
439.1000 25.4132 14.8191
444.1000 25.9718 15.1481
449.1000 25.8868 15.0044
454.1000 26.0765 15.1310
459.1000 26.2954 15.2234
464.1000 26.4542 15.4017
469.1000 26.3071 15.1695
474.1000 26.5202 15.4073
479.1000 26.5515 15.4119
484.1000 26.7205 15.4725
489.1000 26.1651 14.9243
494.1000 26.4544 15.1319
499.1000 26.6515 15.0544
504.1000 26.7730 14.9590
509.1000 26.9658 14.9364
514.1000 27.3799 15.2586
519.1000 27.4256 15.2112
524.1000 27.9015 15.3617
529.1000 28.1507 15.3566
534.1000 28.7295 15.6412
539.1000 28.6599 15.2245
544.1000 28.9894 15.1788
549.1000 30.1005 15.3026
554.1000 31.3821 15.4348
559.1000 32.3566 15.8500
564.1000 32.4604 15.3695
569.1000 33.9696 15.8920
574.1000 34.4822 15.5378
579.1000 35.9261 15.5712
584.1000 37.0032 15.8584
589.1000 37.7507 15.8103
594.1000 38.5418 15.8288
599.1000 39.7294 15.6040
604.1000 41.3046 15.4688
609.1000 42.0105 15.6261
614.1000 42.9957 15.4813
619.1000 43.5345 15.4381
624.1000 44.4786 15.6793
629.1000 45.7506 15.7989
634.1000 46.4196 15.5347
639.1000 47.0187 15.6628
644.1000 48.2428 15.7029
649.1000 48.9276 15.8309
654.1000 48.1767 15.2907
659.1000 49.1662 15.2598
664.1000 49.5246 15.3587
669.1000 49.8474 15.2217
674.1000 50.2027 15.4198
679.1000 49.7100 15.1945
684.1000 50.1792 15.3343
689.1000 50.8822 15.5163
694.1000 50.5228 15.2715
699.1000 50.6919 15.3242
704.1000 50.7018 15.2417
709.1000 51.1158 15.5210
714.1000 50.9463 15.4116
719.1000 50.9130 15.3712
724.1000 51.6307 15.5694
729.1000 51.3159 15.3495
734.1000 51.0236 15.1781
739.1000 51.1806 15.2362
744.1000 51.4291 15.3233
749.1000 51.5029 15.3288
754.1000 50.9329 15.1081
759.1000 51.3059 15.2426
764.1000 51.0619 15.0970
769.1000 50.7362 14.8507
774.1000 51.1178 15.0188
779.1000 51.5422 15.1343
784.1000 50.9674 14.9777
789.1000 51.4818 15.2587
794.1000 51.4903 15.2735
799.1000 51.3431 15.1627
804.1000 52.2727 15.4582
809.1000 51.8849 15.3041
814.1000 51.5828 15.1876
819.1000 52.2551 15.5344
824.1000 52.7373 15.7334
829.1000 51.6568 15.2908
834.1000 52.0861 15.3772
839.1000 51.5023 15.2396
844.1000 51.9624 15.3167
849.1000 52.2797 15.5100
854.1000 52.8674 15.7606
859.1000 52.5582 15.5985
864.1000 51.6192 15.3282
869.1000 51.7078 15.3935
874.1000 51.5637 15.3383
879.1000 51.5533 15.2472
884.1000 52.2673 15.4146
889.1000 52.3038 15.3846
894.1000 52.2496 15.5518
899.1000 52.8917 15.6689
904.1000 52.5550 15.5488
909.1000 52.3077 15.4254
914.1000 52.5157 15.4437
919.1000 52.8270 15.3117
924.1000 52.5934 15.2622
929.1000 53.1888 15.2370
934.1000 52.8883 15.0439
939.1000 53.0936 14.8548
944.1000 52.8506 14.6396
949.1000 53.5414 14.5347
954.1000 53.8112 14.5362
959.1000 54.4497 14.3143
964.1000 54.7215 14.0373
969.1000 56.0535 14.0538
974.1000 56.4337 13.9901
979.1000 57.0021 13.7997
984.1000 57.8950 13.7183
989.1000 58.3961 13.6016
994.1000 58.8118 13.4046
999.1000 59.3880 13.3108
1004.1000 60.3020 13.3767
1009.1000 60.1284 13.0334
1014.1000 59.9842 12.4096
1019.1000 60.6352 12.0817
1024.1000 62.1726 11.8458
1029.2000 61.9460 11.6875
1034.3000 63.1597 11.0165
1039.4000 63.4354 10.6419
1044.5000 65.1740 10.3420
1049.6000 66.2013 9.9934
1054.7000 66.4400 9.5282
1059.8000 66.3072 9.4728
1064.9000 67.6817 8.8958
1070.0000 68.1975 8.7554
1075.1000 68.4602 8.0916
1080.2000 69.0497 7.8606
1085.3000 70.3481 7.1751
1090.4000 70.5844 6.8880
1095.5000 71.2673 6.8622
1100.6000 72.1291 6.2985
1105.7000 72.6935 6.1173
1110.8000 72.9487 5.9401
1115.9000 73.7451 5.4457
1121.0000 74.5443 5.2009
1126.1000 74.4795 5.1560
1131.2000 74.4148 5.0973
1136.3000 74.8146 4.9186
1141.4000 74.8258 4.8007
1146.5000 75.2246 4.6319
1151.6000 75.7821 4.3577
1156.7000 76.2439 4.1278
1161.8000 76.7097 3.9407
1166.9000 76.0793 3.9763
1172.0000 76.6414 3.8580
1177.1000 76.8591 3.7083
1182.2000 76.6711 3.5849
1187.3000 77.0952 3.5105
1192.4000 76.2043 3.5993
1197.5000 77.0987 3.3852
1202.6000 77.4041 3.2129
1207.7000 77.0774 3.2223
1212.8000 76.8920 3.3226
1217.9000 77.6802 3.2390
1223.0000 79.0440 2.9581
1228.1000 78.2686 3.2012
1233.2000 79.4628 3.0189
1238.3000 79.4960 2.8901
1243.4000 79.5762 2.9411
1248.5000 79.4326 2.8680
1253.6000 78.6358 2.9752
1258.7000 78.7493 2.9172
1263.8000 78.2603 2.9551
1268.9000 79.2261 2.7711
1274.0000 79.2909 2.8059
1279.1000 79.4926 2.6083
1284.2000 79.6054 2.5045
1289.3000 79.7800 2.5470
1294.4000 80.3099 2.4734
1299.5000 80.7161 2.5014
1304.6000 80.8628 2.5578
1309.7000 81.4784 2.3194
1314.8000 80.9608 2.5303
1319.9000 80.4327 2.6338
1325.0000 81.1167 2.3911
1330.1000 80.6569 2.5995
1335.2000 81.3250 2.4537
1340.3000 80.8914 2.5061
1345.4000 80.6770 2.5953
1350.5000 80.6404 2.7558
1355.6000 80.0595 2.6215
1360.7000 80.5291 2.4813
1365.8000 80.2491 2.4686
1370.9000 80.6886 2.3912
1376.0000 80.2790 2.5096
1381.1000 80.7701 2.2772
1386.2000 79.9737 2.4498
1391.3000 80.0155 2.4172
1396.4000 80.5110 2.3859
1401.5000 79.7679 2.4381
1406.6000 80.0549 2.4869
1411.7000 80.2912 2.4115
1416.8000 80.9549 2.2063
1421.9000 80.5581 2.2791
1427.0000 81.0071 2.2620
1432.1000 81.8235 2.0889
1437.2000 81.7518 2.1306
1442.3000 81.9489 2.0337
1447.4000 81.4722 2.1142
1452.5000 81.4392 2.0223
1457.6000 80.8373 2.1778
1462.7000 81.0380 2.1545
1467.8000 80.8023 2.0863
1472.9000 81.0498 2.0315
1478.0000 80.8711 2.0853
1483.1000 80.5999 2.1053
1488.2000 80.0740 2.2695
1493.3000 79.8483 2.2613
1498.4000 79.6725 2.1842
1503.5000 79.2427 2.1732
1508.6000 79.3083 2.2514
1513.7000 79.0040 2.2723
1518.8000 79.1072 2.2466
1523.9000 78.9312 2.3159
1529.0000 79.3771 2.2416
1534.1000 79.0997 2.4062
1539.2000 79.2429 2.2896
1544.3000 80.3791 2.0622
1549.4000 80.5519 2.0143
1554.5000 79.4137 2.2268
1559.6000 80.4416 2.1043
1564.7000 80.3277 2.1671
1569.8000 79.9161 2.2334
1574.9000 80.1776 2.1881
1580.0000 79.3123 2.2227
1585.1000 79.6701 2.1033
1590.2000 78.3929 2.3366
1595.3000 78.8042 2.2924
1600.4000 78.7038 2.2459
1605.5000 78.6839 2.4295
1610.6000 79.1097 2.3333
1615.7000 78.5934 2.4735
1620.8000 78.4331 2.3308
1625.9000 78.2391 2.4383
1631.0000 78.2437 2.2989
1636.1000 77.8677 2.3319
1641.2000 78.8826 2.1913
1646.3000 78.7351 2.1736
1651.4000 78.7502 2.3216
1656.5000 78.4624 2.5050
1661.6000 79.2139 2.1476
1666.7000 78.7783 2.2726
1671.8000 79.5621 2.0960
1676.9000 79.4750 2.2973
1682.0000 79.4023 2.3114
1687.1000 79.6711 2.0711
1692.2000 79.4935 2.0902
1697.3000 79.5861 2.1787
1702.4000 79.1827 2.1365
1707.5000 79.1817 2.1133
1712.6000 79.0970 2.1270
1717.7000 79.1506 2.0913
1722.8000 79.2205 2.1303
1727.9000 79.4672 2.1228
1733.0000 80.4172 1.8901
1738.1000 80.1992 1.8546
1743.2000 80.0848 1.8791
1748.3000 80.2464 1.8642
1753.4000 79.6035 2.0768
1758.5000 79.9357 1.9365
1763.6000 79.8196 2.0106
1768.7000 80.0303 1.8766
1773.8000 78.9850 2.0482
1778.9000 79.4354 2.0454
1784.0000 78.9537 2.1829
1789.1000 79.1859 2.0424
1794.2000 79.4486 2.0451
1799.3000 80.2316 1.8641
1804.4000 79.9370 2.0308
1809.5000 79.6159 1.9294
1814.6000 79.1034 2.1651
1819.7000 79.4539 2.1396
1824.8000 80.3553 1.9418
1829.9000 79.9513 1.9413
1835.0000 79.6731 2.1861
1840.1000 80.4315 1.8793
1845.2000 80.0041 1.9833
1850.3000 79.7377 2.0749
1855.4000 80.5862 1.8919
1860.5000 80.5904 1.8230
1865.6000 80.7080 1.8575
1870.7000 80.4623 2.0262
1875.8000 80.8373 1.8646
1880.9000 80.7927 1.9293
1886.0000 80.4010 2.0040
1891.1000 80.1548 1.9535
1896.2000 80.6349 1.8797
1901.3000 79.8950 2.0624
1906.4000 80.6470 2.0147
1911.5000 81.3016 1.8605
1916.6000 81.1139 1.8219
1921.7000 81.2154 1.8578
1926.8000 80.9043 1.9987
1931.9000 80.9173 1.8861
1937.0000 80.6841 1.8981
1942.1000 80.7643 1.8565
1947.2000 79.7775 1.9626
1952.3000 80.3866 1.8355
1957.4000 80.1501 1.9789
1962.5000 80.5139 1.8489
1967.6000 79.9812 2.0500
1972.7000 80.6457 1.8897
1977.8000 79.9849 1.9820
1982.9000 80.3349 1.9239
1988.0000 80.3392 1.9164
1993.1000 80.6556 1.9497
1998.2000 80.1159 1.9948
2003.3000 80.3157 2.0339
2008.4000 80.0934 2.0584
2013.5000 79.6431 2.1550
2018.6000 79.8340 2.2791
2023.7000 80.7284 1.9900
2028.8000 80.7126 1.9710
2033.9000 81.5742 1.9631
2039.0000 81.2507 2.0539
2044.1000 80.6213 2.0202
2049.2000 80.4759 2.0092
2054.3000 80.2003 2.0559
2059.4000 79.8558 2.1050
2064.5000 80.1626 2.0096
2069.6000 79.3391 2.1664
2074.7000 78.6864 2.1975
2079.8000 79.3520 2.0842
2084.9000 80.3688 1.9819
2090.0000 80.7570 1.8677
2095.1000 81.0293 1.9330
2100.2000 80.2956 1.9650
2105.3000 80.5820 1.9492
2110.4000 80.3345 1.9269
2115.5000 80.0264 2.0526
2120.6000 79.4150 2.0761
2125.7000 80.2424 1.9765
2130.8000 80.4221 1.9841
2135.9000 79.7967 2.0903
2141.0000 80.0352 2.0509
2146.1000 79.4387 1.9750
2151.2000 79.7520 1.9898
2156.3000 79.7228 2.1354
2161.4000 80.0779 2.0776
2166.5000 80.7969 2.0434
2171.6000 80.3136 2.0735
2176.7000 80.3493 1.9834
2181.8000 80.0041 2.0665
2186.9000 80.2690 1.9296
2192.0000 80.2189 1.8723
2197.1000 80.9339 1.6647
2202.2000 80.9340 1.8236
2207.3000 80.1638 1.9471
2212.4000 80.2522 2.0598
2217.5000 80.3337 2.0648
2222.6000 79.8246 2.2207
2227.7000 80.2487 2.1905
2232.8000 79.8901 2.1901
2237.9000 79.8534 2.3747
2243.0000 80.8425 2.0035
2248.1000 80.9296 2.1865
2253.2000 81.0033 2.0389
2258.3000 80.5232 2.0455
2263.4000 80.0744 2.1691
2268.5000 79.9021 2.1786
2273.6000 79.7473 2.1594
2278.7000 80.0060 2.3113
2283.8000 80.6204 1.9224
2288.9000 80.7503 1.9847
2294.0000 80.1876 2.0923
2299.1000 80.5192 2.0663
2304.2000 81.0625 1.9581
2309.3000 81.0081 1.9232
2314.4000 81.4384 1.9874
2319.5000 80.7239 2.0118
2324.6000 80.5281 2.1214
2329.7000 80.0414 2.1643
2334.8000 79.3993 2.1994
2339.9000 80.7138 1.8857
2345.0000 80.3426 2.0097
2350.1000 79.7759 2.1874
2355.2000 80.2475 1.9716
2360.3000 80.3297 2.0603
2365.4000 80.6227 1.8962
2370.5000 79.9528 2.0216
2375.6000 79.9174 2.0063
2380.7000 79.8908 1.9200
2385.8000 80.4800 1.9939
2390.9000 80.4569 1.8012
2396.0000 80.4441 2.0388
2401.1000 80.2414 2.0279
2406.2000 79.7737 2.1562
2411.3000 79.8810 2.0934
2416.4000 80.8342 1.9407
2421.5000 80.8794 2.0275
2426.6000 80.8956 1.9642
2431.7000 80.9215 1.8225
2436.8000 80.3000 1.9751
2441.9000 80.8203 1.8398
2447.0000 79.7973 1.9770
2452.1000 79.8880 2.0352
2457.2000 80.2288 1.9827
2462.3000 80.6755 1.9534
2467.4000 80.0112 2.0895
2472.5000 79.3262 2.1911
2477.6000 79.4625 2.0736
2482.7000 79.2371 2.0385
2487.8000 79.0683 2.0749
2492.9000 79.6282 1.9189
2498.0000 79.2017 2.1154
2503.1000 79.3706 2.0909
2508.2000 79.4774 2.1113
2513.3000 79.5833 2.0137
2518.4000 79.8140 2.0465
2523.5000 80.2891 1.9905
2528.6000 80.2573 2.0087
2533.7000 80.3198 2.0546
2538.8000 80.7639 1.9282
2543.9000 79.7166 2.1898
2549.0000 80.0598 2.0439
2554.1000 80.0557 2.1124
2559.2000 80.8945 1.9468
2564.3000 80.7034 1.9478
2569.4000 80.7360 1.9910
2574.5000 80.6710 1.9186
2579.6000 80.9144 1.8826
2584.7000 81.4137 1.9034
2589.8000 80.4538 2.1082
2594.9000 80.7234 1.8830
2600.0000 80.3967 1.9365
2605.1000 80.4097 1.8892
2610.2000 80.4760 1.8147
2615.3000 80.4704 1.8054
2620.4000 80.8648 1.8658
2625.5000 80.3309 2.0218
2630.6000 79.8775 2.1152
2635.7000 80.5476 1.8886
2640.8000 80.4017 1.9584
2645.9000 80.9946 1.8963
2651.0000 80.8579 1.7796
2656.1000 80.5792 1.8724
2661.2000 79.7779 1.9818
2666.3000 80.1551 1.8825
2671.4000 80.2475 1.8139
2676.5000 80.6950 1.7691
2681.6000 80.7587 1.7518
2686.7000 80.7329 1.8857
2691.8000 81.1353 1.7921
2696.9000 81.8935 1.7287
2702.0000 81.1238 1.8928
2707.1000 81.9564 1.6905
2712.2000 81.4123 1.7629
2717.3000 81.7967 1.7168
2722.4000 81.1741 1.8711
2727.5000 81.5847 1.7698
2732.6000 81.7082 1.7698
2737.7000 81.6486 1.9153
2742.8000 81.8324 1.7452
2747.9000 82.0510 1.7973
2753.0000 81.2089 1.9336
2758.1000 81.3832 1.8972
2763.2000 81.3127 1.9144
2768.3000 82.0675 1.8419
2773.4000 81.9595 1.9008
2778.5000 82.1786 1.8266
2783.6000 81.6496 1.9531
2788.7000 82.0044 1.8001
2793.8000 82.5954 1.7130
2798.9000 82.3041 1.8651
2804.0000 82.8162 1.6377
2809.1000 82.5209 1.8988
2814.2000 82.4186 1.7807
2819.3000 81.7940 1.9059
2824.4000 82.0780 1.9240
2829.5000 82.3800 1.7058
2834.6000 81.2442 2.0611
2839.7000 81.8155 1.8045
2844.8000 82.3208 1.7444
2849.9000 82.4771 1.7339
2855.0000 82.2314 1.8798
2860.1000 82.4208 1.6795
2865.2000 82.0228 1.9067
2870.3000 82.0367 1.8727
2875.4000 81.5699 1.8761
2880.5000 82.1139 1.8609
2885.6000 81.9423 1.8329
2890.7000 81.9289 1.9125
2895.8000 81.3926 1.9717
2900.9000 81.9621 1.7914
2906.0000 81.7657 1.8871
2911.1000 81.5113 1.8322
2916.2000 82.4457 1.7252
2921.3000 81.8866 1.8413
2926.4000 81.3506 1.9336
2931.5000 80.7733 1.9891
2936.6000 81.3789 1.9080
2941.7000 81.4496 1.9687
2946.8000 81.2380 1.9517
2951.9000 81.2669 2.0807
2957.0000 81.2535 1.8618
2962.1000 81.7927 1.8287
2967.2000 81.7250 1.8425
2972.3000 82.0808 1.7041
2977.4000 81.8658 1.9779
2982.5000 82.1038 1.9401
2987.6000 82.3795 1.9184
2992.7000 81.9841 1.9410
2997.8000 81.3006 2.0003
3002.9000 81.5521 1.9785
3008.0000 81.2429 1.9704
3013.1000 81.0325 2.0724
3018.2000 81.1808 2.0796
3023.3000 80.8969 2.0280
3028.4000 80.9796 2.0850
3033.5000 80.6396 2.1383
3038.6000 81.2655 2.0993
3043.7000 81.7150 1.9850
3048.8000 81.1446 2.2059
3053.9000 81.4840 2.0634
3059.0000 81.6364 2.0838
3064.1000 82.6237 1.8289
3069.2000 82.1149 1.9025
3074.3000 82.0673 1.8745
3079.4000 81.8209 1.9460
3084.5000 81.5265 2.0152
3089.6000 82.2925 1.9398
3094.7000 82.1384 1.9331
3099.8000 83.0225 1.7178
3104.9000 83.1171 1.7873
3110.0000 82.1501 1.9946
3115.1000 82.3358 2.0867
3120.2000 82.3565 2.1004
3125.3000 82.8369 1.9501
3130.4000 82.9992 1.8737
3135.5000 82.9609 1.9061
3140.6000 82.9432 1.8670
3145.7000 83.3961 1.7499
3150.8000 83.5464 1.7194
3155.9000 83.2133 1.6013
3161.0000 83.3428 1.7167
3166.1000 83.0992 1.7356
3171.2000 83.2277 1.7126
3176.3000 82.8355 1.8260
3181.4000 82.8407 1.7422
3186.5000 82.1241 1.9351
3191.6000 81.7732 1.9398
3196.7000 81.3244 1.9951
3201.8000 81.8064 1.8952
3206.9000 82.0176 1.8578
3212.0000 82.6345 1.7829
3217.1000 82.1376 1.9945
3222.2000 82.6485 1.9260
3227.3000 82.9485 1.8592
3232.4000 83.4970 1.6448
3237.5000 83.0998 1.7301
3242.6000 83.3674 1.6142
3247.7000 83.5740 1.6728
3252.8000 82.9639 1.7286
3257.9000 82.3055 1.8941
3263.0000 82.4855 1.7593
3268.1000 82.8938 1.7756
3273.2000 83.1229 1.6735
3278.3000 82.9165 1.8241
3283.4000 83.3823 1.6961
3288.5000 82.5068 1.9198
3293.6000 82.8166 1.8828
3298.7000 82.8880 1.9238
3303.8000 82.9078 1.9056
3308.9000 82.6000 2.0218
3314.0000 82.2462 1.8854
3319.1000 82.1520 1.8856
3324.2000 82.9624 1.6128
3329.3000 82.3088 1.8283
3334.4000 82.0350 1.8637
3339.5000 82.5545 1.7099
3344.6000 82.1077 1.8137
3349.7000 82.4261 1.7412
3354.8000 81.7463 1.9789
3359.9000 81.7587 2.0412
3365.0000 81.2313 2.0708
3370.1000 80.7459 2.1856
3375.2000 81.5527 2.1100
3380.3000 81.5932 1.9972
3385.4000 80.9683 2.0953
3390.5000 81.3456 1.8088
3395.6000 81.0635 2.0428
3400.7000 81.9521 1.8579
3405.8000 81.6503 1.8622
3410.9000 81.2865 1.9486
3416.0000 81.3996 1.8314
3421.1000 81.3024 1.8523
3426.2000 81.8277 1.7623
3431.3000 81.8864 1.8304
3436.4000 82.1704 1.6847
3441.5000 81.2166 1.9043
3446.6000 81.9564 1.7976
3451.7000 81.8597 1.8125
3456.8000 82.0721 1.8311
3461.9000 82.2297 1.8724
3467.0000 81.6445 2.0208
3472.1000 82.0127 1.8921
3477.2000 82.4373 1.6947
3482.3000 82.1352 1.8483
3487.4000 81.8838 1.7366
3492.5000 81.1897 1.9743
3497.6000 81.6241 1.9794
3502.7000 81.1236 2.1240
3507.8000 81.3160 2.1278
3512.9000 81.9414 1.9809
3518.0000 81.4793 2.0607
3523.1000 82.2054 1.8654
3528.2000 82.1706 1.8208
3533.3000 82.5293 1.7139
3538.4000 82.0332 1.8961
3543.5000 81.0769 1.9647
3548.6000 81.3517 1.9700
3553.7000 81.7224 1.8457
3558.8000 81.7801 1.9175
3563.9000 81.4251 1.9529
3569.0000 81.2588 1.9352
3574.1000 80.9011 1.9375
3579.2000 80.7505 1.8907
3584.3000 80.6465 2.1207
3589.4000 80.6311 2.1065
3594.5000 80.1896 2.1095
3599.6000 80.2760 1.9415
