5.1000 0.0000 0.0000
10.2000 0.0000 0.0000
15.3000 0.0000 0.0000
20.3000 0.0000 0.0000
25.3000 0.0000 0.0000
30.3000 0.0000 0.0000
35.3000 1.0837 0.2167
40.3000 1.1879 0.2364
45.3000 1.5353 0.3006
50.3000 1.9174 0.3683
55.3000 2.0216 0.3863
60.3000 2.6586 0.4944
65.4000 3.4575 0.6148
70.5000 4.9511 0.8057
75.6000 5.2706 0.8395
80.7000 5.5138 0.8648
85.8000 6.0001 0.9635
90.9000 6.7069 1.2585
96.0000 6.9735 1.3532
101.1000 7.0835 1.3968
106.2000 7.9409 1.7478
111.3000 9.6059 2.5737
116.4000 10.6905 3.0436
121.5000 11.7047 3.4027
126.6000 14.9654 5.8781
131.7000 16.7586 7.1266
136.8000 18.9171 8.3612
141.9000 19.7327 8.7839
147.0000 21.5836 10.7013
152.1000 22.3890 11.3168
157.2000 23.1673 12.0748
162.3000 24.4368 13.4846
167.4000 25.7468 14.8200
172.5000 26.3549 15.3403
177.6000 26.6959 15.5280
182.7000 26.8210 15.5568
187.8000 26.6746 15.2647
192.9000 27.1667 15.7658
198.0000 27.6217 16.2469
203.1000 27.5923 16.2118
208.2000 27.9219 16.5062
213.3000 27.6802 16.2809
218.4000 27.9439 16.4553
223.5000 27.9356 16.3924
228.6000 27.7199 16.1516
233.7000 27.9031 16.3064
238.8000 27.2746 15.6377
243.9000 27.1713 15.5696
249.0000 27.5291 15.8496
254.1000 27.1783 15.5614
259.1000 27.3691 15.6588
264.1000 27.0060 15.2505
269.1000 27.1276 15.3552
274.1000 28.0946 16.3384
279.1000 27.9427 16.1568
284.1000 27.8664 16.0285
289.1000 27.7427 16.0007
294.1000 27.8373 16.1669
299.1000 27.7050 15.9609
304.1000 27.2891 15.6899
309.1000 27.5830 15.9925
314.1000 27.6047 15.8931
319.1000 27.6688 15.9384
324.1000 27.8379 16.0181
329.1000 27.5169 15.7008
334.1000 26.8281 14.9957
339.1000 27.6573 15.7496
344.1000 27.8015 15.9341
349.1000 28.2404 16.3028
354.1000 28.2379 16.3653
359.1000 28.2364 16.3489
364.1000 28.1481 16.2979
369.1000 27.6484 15.7669
374.1000 28.0955 16.1285
379.1000 28.8247 16.4528
384.1000 29.2476 16.2272
389.1000 33.0487 16.6045
394.1000 37.8196 16.5683
399.1000 45.4530 17.2037
404.1000 49.1737 16.7760
409.1000 50.1791 16.0799
414.1000 51.8010 15.7700
419.1000 52.4846 15.6324
424.1000 52.2658 15.3875
429.1000 52.1992 15.4819
434.1000 53.0148 15.7703
439.1000 52.9690 15.7583
444.1000 53.4274 15.7920
449.1000 53.1913 15.5604
454.1000 53.8346 15.7285
459.1000 54.2940 15.9624
464.1000 54.1571 15.9431
469.1000 54.6359 16.1044
474.1000 55.2053 16.3003
479.1000 55.6873 16.5607
484.1000 55.4068 16.4607
489.1000 55.8787 16.7218
494.1000 55.8531 16.7363
499.1000 56.1261 16.8057
504.1000 55.5747 16.5854
509.1000 54.6458 16.2309
514.1000 54.5799 16.0531
519.1000 54.1362 15.8917
524.1000 53.7379 15.7198
529.1000 53.8425 15.6873
534.1000 54.3351 15.9291
539.1000 54.9329 16.1653
544.1000 54.2737 15.8819
549.1000 54.7487 16.0746
554.1000 54.9425 16.1557
559.1000 54.3895 15.7741
564.1000 54.2699 15.9665
569.1000 54.8141 16.0968
574.1000 55.1474 16.3493
579.1000 55.2066 16.4885
584.1000 54.9976 16.3811
589.1000 54.8910 16.3252
594.1000 55.4391 16.4802
599.1000 54.3944 16.1335
604.1000 54.6713 16.1279
609.1000 54.1643 15.8476
614.1000 54.0248 15.8029
619.1000 54.0643 15.7905
624.1000 54.8760 16.3080
629.1000 54.8607 16.2933
634.1000 54.7933 16.2242
639.1000 55.0354 16.2158
644.1000 54.8050 16.0453
649.1000 54.7363 16.0678
654.1000 54.1918 15.7994
659.1000 55.1874 16.1955
664.1000 55.1338 16.2737
669.1000 54.6113 16.0066
674.1000 54.7950 16.0588
679.1000 54.3956 15.9457
684.1000 54.4316 15.8856
689.1000 54.9758 15.9415
694.1000 54.8346 16.0255
699.1000 53.9108 15.5750
704.1000 54.9967 15.9702
709.1000 54.9709 16.0036
714.1000 55.2461 16.2024
719.1000 55.1351 16.0925
724.1000 55.0587 16.0514
729.1000 55.0242 16.0211
734.1000 54.7325 16.0848
739.1000 55.0383 16.1074
744.1000 54.1693 15.7510
749.1000 55.1112 15.9700
754.1000 55.2261 15.9648
759.1000 56.4499 15.1725
764.1000 58.7734 14.4415
769.1000 59.5157 14.4889
774.1000 61.6188 13.4236
779.1000 64.6361 12.1013
784.1000 67.4687 11.1419
789.1000 69.4000 9.5652
794.1000 70.8299 8.1052
799.1000 72.1592 7.5349
804.1000 74.6433 6.1923
809.1000 74.9650 5.6336
814.1000 76.6851 4.4789
819.1000 78.1033 4.1397
824.1000 79.2781 3.4416
829.1000 80.6958 2.8838
834.1000 80.1673 2.9135
839.1000 80.1008 2.6841
844.1000 80.3482 2.7239
849.1000 81.3926 2.3795
854.1000 81.5888 2.0435
859.1000 81.5943 2.0378
864.1000 82.6717 1.6291
869.1000 82.7000 1.7924
874.1000 82.2667 2.0460
879.1000 82.7054 2.0464
884.1000 81.6529 2.2103
889.1000 81.3414 1.9681
894.1000 82.5963 1.7952
899.1000 81.8262 1.7484
904.1000 80.8675 1.9153
909.1000 81.6388 1.6517
914.1000 81.1744 1.7299
919.1000 81.1322 1.6612
924.1000 80.7222 1.4583
929.1000 81.5910 1.5013
934.1000 81.6650 1.4808
939.1000 81.1297 1.6959
944.1000 80.9617 1.5825
949.1000 80.7512 1.4910
954.1000 81.5313 1.6250
959.1000 81.5923 1.5032
964.1000 81.8901 1.4109
969.1000 80.6843 1.6139
974.1000 81.3602 1.5595
979.1000 81.4157 1.5938
984.1000 81.9300 1.7020
989.1000 81.7197 1.7285
994.1000 81.8572 1.5509
999.1000 82.4560 1.5632
1004.1000 81.8726 1.7668
1009.1000 81.8042 1.7826
1014.1000 82.1147 1.7010
1019.1000 82.5006 1.7063
1024.1000 82.0047 1.7245
1029.2000 82.9984 1.5632
1034.3000 82.5893 1.7026
1039.4000 83.4264 1.8612
1044.5000 83.4965 1.7948
1049.6000 82.9098 1.7057
1054.7000 81.9016 1.6307
1059.8000 82.0158 1.6299
1064.9000 82.3766 1.6551
1070.0000 81.1553 1.7445
1075.1000 81.6604 1.5639
1080.2000 80.9684 1.6297
1085.3000 81.6065 1.7156
1090.4000 81.9660 1.7332
1095.5000 81.8957 1.8185
1100.6000 81.4634 1.9287
1105.7000 81.3411 1.8956
1110.8000 81.3034 1.8110
1115.9000 81.3443 1.7423
1121.0000 80.8828 1.6929
1126.1000 81.8789 1.6900
1131.2000 82.0672 1.7110
1136.3000 82.2252 1.6823
1141.4000 81.5313 1.7770
1146.5000 82.0695 1.7839
1151.6000 81.8001 1.8680
1156.7000 81.7425 1.8990
1161.8000 81.9417 1.9058
1166.9000 81.4384 1.8557
1172.0000 81.4866 1.7019
1177.1000 82.1534 1.6748
1182.2000 81.8629 1.6675
1187.3000 81.3586 1.8273
1192.4000 81.2856 1.8895
1197.5000 81.3581 1.8444
1202.6000 81.3692 1.8993
1207.7000 82.0437 1.8604
1212.8000 81.9066 1.7549
1217.9000 82.7671 1.5989
1223.0000 82.6042 1.8069
1228.1000 82.8255 1.7184
1233.2000 82.6937 1.7864
1238.3000 82.6051 1.7350
1243.4000 83.3004 1.6730
1248.5000 82.3064 1.7608
1253.6000 83.2618 1.6396
1258.7000 83.2964 1.7569
1263.8000 83.5288 1.7176
1268.9000 82.7293 1.8988
1274.0000 83.0136 1.8598
1279.1000 83.4538 1.6476
1284.2000 84.1643 1.5184
1289.3000 82.7547 1.7652
1294.4000 82.7324 1.7193
1299.5000 82.4826 1.6038
1304.6000 81.9663 1.5615
1309.7000 81.7541 1.5916
1314.8000 81.4727 1.6908
1319.9000 81.2352 1.7993
1325.0000 81.6071 1.6452
1330.1000 82.0475 1.6128
1335.2000 81.7120 1.5529
1340.3000 81.1034 1.6763
1345.4000 82.1917 1.5381
1350.5000 82.2773 1.5323
1355.6000 82.3018 1.6045
1360.7000 82.0487 1.5635
1365.8000 82.0434 1.5886
1370.9000 82.3307 1.6848
1376.0000 82.4273 1.7884
1381.1000 83.3805 1.7025
1386.2000 83.2726 1.6877
1391.3000 82.4048 1.8140
1396.4000 83.0884 1.6771
1401.5000 83.7775 1.6073
1406.6000 83.3890 1.9465
1411.7000 84.1776 1.7121
1416.8000 84.5283 1.7479
1421.9000 84.9009 1.5235
1427.0000 83.9014 1.8844
1432.1000 84.4682 1.7298
1437.2000 84.4687 1.6753
1442.3000 84.6759 1.7380
1447.4000 84.0214 1.7849
1452.5000 83.6758 1.7230
1457.6000 84.3836 1.7957
1462.7000 84.4717 1.8146
1467.8000 84.9499 1.8270
1472.9000 85.5890 1.7751
1478.0000 85.4291 1.7974
1483.1000 86.4528 1.6870
1488.2000 85.7736 1.9163
1493.3000 85.8350 1.8891
1498.4000 85.5385 1.8930
1503.5000 86.0155 1.8259
1508.6000 86.8850 1.7413
1513.7000 85.9890 1.9121
1518.8000 86.1964 1.8536
1523.9000 84.7961 2.1237
1529.0000 85.0988 2.1337
1534.1000 84.8661 2.0288
1539.2000 85.5609 1.7051
1544.3000 86.0672 1.6962
1549.4000 86.0710 1.6370
1554.5000 86.3444 1.6270
1559.6000 84.7095 1.7955
1564.7000 85.5091 1.6175
1569.8000 85.4084 1.5557
1574.9000 84.1529 1.8844
1580.0000 84.6765 1.8013
1585.1000 84.8725 1.6547
1590.2000 83.7807 1.8455
1595.3000 84.2393 1.9288
1600.4000 85.0538 1.8026
1605.5000 84.4461 1.9892
1610.6000 84.6289 2.1361
1615.7000 85.8484 1.7366
1620.8000 86.4180 1.8260
1625.9000 85.9211 1.7793
1631.0000 85.6377 1.9562
1636.1000 84.4777 2.1022
1641.2000 84.5256 2.0025
1646.3000 84.3053 1.8693
1651.4000 84.1474 2.0747
1656.5000 84.2184 2.1106
1661.6000 84.3527 1.9587
1666.7000 84.5967 1.9335
1671.8000 85.0782 1.8314
1676.9000 84.0493 2.0784
1682.0000 84.7760 1.9984
1687.1000 85.1620 1.9468
1692.2000 85.0661 1.9552
1697.3000 85.5180 1.8063
1702.4000 85.6654 1.9479
1707.5000 85.1401 2.0858
1712.6000 85.6080 1.9052
1717.7000 86.1177 1.9532
1722.8000 84.6462 2.1366
1727.9000 84.9789 2.0809
1733.0000 86.5351 1.8823
1738.1000 86.0716 1.8849
1743.2000 85.9594 2.1001
1748.3000 86.8874 2.0308
1753.4000 87.4922 1.7053
1758.5000 87.0685 1.7307
1763.6000 86.9871 1.7487
1768.7000 87.4783 1.6878
1773.8000 86.8373 1.8941
1778.9000 86.5671 1.9426
1784.0000 87.2246 1.8169
1789.1000 87.6081 1.8085
1794.2000 88.1493 1.7308
1799.3000 88.3394 1.7927
1804.4000 88.1692 1.8914
1809.5000 88.6702 1.7517
1814.6000 88.6786 1.7007
1819.7000 87.6099 1.8801
1824.8000 87.9568 1.9547
1829.9000 87.6539 2.0599
1835.0000 87.9514 1.9550
1840.1000 87.5430 2.0809
1845.2000 88.0901 1.8974
1850.3000 87.0569 2.1237
1855.4000 88.3350 1.9199
1860.5000 89.0542 1.6987
1865.6000 88.8256 1.7592
1870.7000 89.8382 1.6387
1875.8000 90.0227 1.5578
1880.9000 89.5451 1.7128
1886.0000 89.4827 1.6260
1891.1000 89.2050 1.7594
1896.2000 89.3506 1.6932
1901.3000 89.3443 1.7253
1906.4000 89.3726 1.8000
1911.5000 89.9553 1.7166
1916.6000 88.5002 2.0504
1921.7000 89.3875 1.7925
1926.8000 90.1159 1.5873
1931.9000 89.6623 1.6348
1937.0000 90.2546 1.5710
1942.1000 89.3037 1.7761
1947.2000 89.4444 1.7380
1952.3000 89.8259 1.8253
1957.4000 89.1256 1.9209
1962.5000 89.8770 1.8696
1967.6000 90.2579 1.7612
1972.7000 90.3745 1.7614
1977.8000 90.5081 1.7009
1982.9000 90.2534 1.7041
1988.0000 90.0270 1.8426
1993.1000 90.7079 1.7175
1998.2000 90.7157 1.6969
2003.3000 90.5535 1.7081
2008.4000 91.0541 1.5871
2013.5000 90.3522 1.6641
2018.6000 90.8489 1.6123
2023.7000 90.9205 1.6013
2028.8000 90.3384 1.6094
2033.9000 89.9919 1.6283
2039.0000 89.3510 1.8805
2044.1000 89.2526 1.8097
2049.2000 88.9607 1.8623
2054.3000 89.1759 1.8533
2059.4000 89.5496 1.7268
2064.5000 89.0066 1.9345
2069.6000 90.0628 1.6372
2074.7000 90.1921 1.5117
2079.8000 89.9723 1.6067
2084.9000 89.6485 1.6530
2090.0000 88.8797 1.8566
2095.1000 89.5490 1.6063
2100.2000 89.0741 1.7459
2105.3000 88.5871 1.7470
2110.4000 89.2569 1.6638
2115.5000 89.8163 1.6221
2120.6000 89.9053 1.5606
2125.7000 89.8207 1.6333
2130.8000 88.9003 1.8538
2135.9000 88.8706 1.7746
2141.0000 89.7303 1.7657
2146.1000 90.2083 1.6456
2151.2000 90.2632 1.5800
2156.3000 89.6916 1.6450
2161.4000 89.8259 1.7222
2166.5000 89.6802 1.7358
2171.6000 89.8263 1.5645
2176.7000 90.0380 1.7281
2181.8000 90.0205 1.6233
2186.9000 90.0326 1.6014
2192.0000 89.9398 1.6769
2197.1000 89.9507 1.6342
2202.2000 90.1582 1.4772
2207.3000 90.2062 1.3981
2212.4000 90.2104 1.4499
2217.5000 90.1936 1.6158
2222.6000 90.1052 1.5004
2227.7000 90.6971 1.4678
2232.8000 91.2722 1.3663
2237.9000 91.4877 1.2986
2243.0000 90.9780 1.3783
2248.1000 91.2305 1.4037
2253.2000 91.2723 1.3628
2258.3000 91.3851 1.3708
2263.4000 91.1311 1.3222
2268.5000 90.3005 1.5401
2273.6000 90.3993 1.6335
2278.7000 91.0658 1.3788
2283.8000 90.2940 1.5716
2288.9000 89.6635 1.7089
2294.0000 90.1551 1.5256
2299.1000 89.9968 1.5522
2304.2000 90.1921 1.4727
2309.3000 89.6042 1.6255
2314.4000 90.5233 1.4096
2319.5000 90.1692 1.4841
2324.6000 89.7245 1.6542
2329.7000 89.3988 1.6842
2334.8000 88.8776 1.9277
2339.9000 89.3486 1.7407
2345.0000 89.7118 1.4649
2350.1000 89.3311 1.5147
2355.2000 89.1378 1.4990
2360.3000 89.1580 1.5993
2365.4000 88.7998 1.5817
2370.5000 88.5422 1.7356
2375.6000 89.5500 1.5187
2380.7000 89.2567 1.6601
2385.8000 89.4398 1.5104
2390.9000 89.0497 1.7385
2396.0000 89.3128 1.6368
2401.1000 89.2403 1.6510
2406.2000 89.3376 1.5964
2411.3000 89.7205 1.5475
2416.4000 89.5685 1.6080
2421.5000 89.1922 1.6830
2426.6000 88.7993 1.6666
2431.7000 88.9815 1.5867
2436.8000 89.4025 1.4859
2441.9000 89.5143 1.5595
2447.0000 89.5065 1.6321
2452.1000 89.1435 1.7686
2457.2000 88.7042 1.7872
2462.3000 89.2391 1.6552
2467.4000 89.3155 1.7295
2472.5000 89.4980 1.7223
2477.6000 89.0300 1.7834
2482.7000 89.4876 1.6916
2487.8000 88.5277 1.8632
2492.9000 89.0156 1.7582
2498.0000 88.3519 1.8547
2503.1000 88.5640 1.9103
2508.2000 88.3328 1.8371
2513.3000 89.0699 1.7735
2518.4000 89.2085 1.7642
2523.5000 89.9110 1.5117
2528.6000 90.2547 1.6826
2533.7000 90.2046 1.6108
2538.8000 90.0584 1.5852
2543.9000 90.0880 1.7241
2549.0000 90.9468 1.5009
2554.1000 91.3893 1.4562
2559.2000 90.5019 1.5920
2564.3000 90.5810 1.6190
2569.4000 89.9276 1.6883
2574.5000 90.2709 1.5869
2579.6000 90.7707 1.4577
2584.7000 90.4781 1.5045
2589.8000 89.7771 1.5637
2594.9000 89.7531 1.5859
2600.0000 90.2046 1.4175
2605.1000 90.4345 1.4551
2610.2000 90.6996 1.3386
2615.3000 90.8343 1.2682
2620.4000 90.0830 1.5995
2625.5000 90.9462 1.3785
2630.6000 89.8488 1.6223
2635.7000 90.8471 1.3231
2640.8000 90.8128 1.4229
2645.9000 90.7472 1.5467
2651.0000 89.5853 1.6366
2656.1000 90.7040 1.4862
2661.2000 89.9769 1.7763
2666.3000 90.7703 1.5386
2671.4000 90.7334 1.4518
2676.5000 90.9055 1.4495
2681.6000 90.7888 1.4059
2686.7000 90.0604 1.7061
2691.8000 90.0383 1.5953
2696.9000 90.5538 1.5210
2702.0000 91.0532 1.3459
2707.1000 90.7328 1.3416
2712.2000 91.3206 1.2649
2717.3000 90.4011 1.5498
2722.4000 90.7688 1.3205
2727.5000 90.2215 1.4425
2732.6000 90.4944 1.4731
2737.7000 91.1011 1.2998
2742.8000 90.9057 1.3508
2747.9000 90.4705 1.4630
2753.0000 90.5112 1.4818
2758.1000 90.4353 1.5476
2763.2000 90.5591 1.5618
2768.3000 89.9233 1.5074
2773.4000 89.4326 1.5982
2778.5000 90.2653 1.3410
2783.6000 90.2758 1.4235
2788.7000 89.8884 1.4948
2793.8000 90.2962 1.4152
2798.9000 89.7624 1.4588
2804.0000 90.0336 1.4373
2809.1000 90.2309 1.3192
2814.2000 90.5960 1.2868
2819.3000 90.0848 1.4217
2824.4000 90.0540 1.4362
2829.5000 90.6875 1.3450
2834.6000 89.9826 1.6051
2839.7000 90.1510 1.4324
2844.8000 90.0534 1.4005
2849.9000 90.0971 1.4784
2855.0000 90.1013 1.5048
2860.1000 90.1570 1.3694
2865.2000 90.4903 1.3488
2870.3000 91.1954 1.3112
2875.4000 92.1209 1.0837
2880.5000 91.7059 1.1937
2885.6000 91.9306 1.1221
2890.7000 92.1305 1.0427
2895.8000 91.3342 1.2593
2900.9000 91.3252 1.2726
2906.0000 91.0898 1.3367
2911.1000 91.6637 1.1640
2916.2000 91.4386 1.2580
2921.3000 91.4002 1.1231
2926.4000 90.8170 1.1963
2931.5000 90.6730 1.3506
2936.6000 90.6422 1.3202
2941.7000 91.3247 1.1944
2946.8000 90.7843 1.3219
2951.9000 91.1676 1.2689
2957.0000 90.9313 1.3275
2962.1000 91.6379 1.2698
2967.2000 91.0471 1.3412
2972.3000 90.4747 1.5173
2977.4000 90.2262 1.4474
2982.5000 91.1296 1.2495
2987.6000 90.9735 1.4356
2992.7000 90.5385 1.4406
2997.8000 90.9733 1.3072
3002.9000 90.2974 1.4364
3008.0000 89.9409 1.6235
3013.1000 90.7060 1.5380
3018.2000 90.5353 1.6016
3023.3000 90.3615 1.5653
3028.4000 89.8001 1.6169
3033.5000 89.7400 1.6274
3038.6000 91.0397 1.4103
3043.7000 91.0819 1.3967
3048.8000 91.0647 1.3732
3053.9000 90.4844 1.4708
3059.0000 89.9089 1.5295
3064.1000 90.1548 1.5537
3069.2000 90.3821 1.4900
3074.3000 90.9297 1.3156
3079.4000 91.1607 1.1978
3084.5000 90.8003 1.2075
3089.6000 90.8589 1.2214
3094.7000 90.2726 1.2701
3099.8000 90.9754 1.1588
3104.9000 90.7910 1.1327
3110.0000 90.6484 1.2083
3115.1000 91.0595 1.0343
3120.2000 90.9387 1.1501
3125.3000 91.2331 1.0688
3130.4000 90.9893 1.1883
3135.5000 91.5172 0.9916
3140.6000 91.1628 1.0667
3145.7000 90.4734 1.2454
3150.8000 90.7298 1.1871
3155.9000 91.0559 1.1579
3161.0000 91.4915 0.9473
3166.1000 89.9984 1.2943
3171.2000 91.0951 1.0770
3176.3000 91.2439 1.0150
3181.4000 91.5863 1.0300
3186.5000 91.4226 1.0539
3191.6000 90.7455 1.1372
3196.7000 90.4934 1.1225
3201.8000 90.7414 1.1441
3206.9000 90.8338 1.1510
3212.0000 91.4950 0.9876
3217.1000 90.6830 1.1867
3222.2000 91.2818 1.0857
3227.3000 91.0319 1.1212
3232.4000 90.5679 1.2589
3237.5000 90.1615 1.2165
3242.6000 90.5285 1.2927
3247.7000 91.0653 1.0994
3252.8000 90.2264 1.4021
3257.9000 90.5954 1.3589
3263.0000 90.7516 1.2907
3268.1000 90.8652 1.2751
3273.2000 91.7676 1.0104
3278.3000 91.4304 1.1285
3283.4000 91.1754 1.2246
3288.5000 91.9053 1.0349
3293.6000 91.3856 1.1988
3298.7000 91.7468 1.0970
3303.8000 91.2589 1.1319
3308.9000 90.8775 1.1436
3314.0000 90.3363 1.3487
3319.1000 90.9013 1.2398
3324.2000 91.1132 1.2063
3329.3000 91.1563 1.1534
3334.4000 90.9710 1.2788
3339.5000 91.0991 1.2863
3344.6000 90.9604 1.3220
3349.7000 91.0763 1.3269
3354.8000 90.9528 1.2874
3359.9000 91.1653 1.2087
3365.0000 90.1198 1.4400
3370.1000 90.6826 1.2558
3375.2000 90.2779 1.3210
3380.3000 90.5212 1.2742
3385.4000 90.5587 1.2965
3390.5000 89.9128 1.3252
3395.6000 89.8159 1.2870
3400.7000 89.6311 1.3035
3405.8000 89.8459 1.3803
3410.9000 90.3918 1.2758
3416.0000 90.2489 1.3090
3421.1000 90.3672 1.2166
3426.2000 91.1562 1.1713
3431.3000 91.5849 1.0743
3436.4000 91.0322 1.1944
3441.5000 90.1385 1.3815
3446.6000 90.4891 1.1815
3451.7000 90.4069 1.1649
3456.8000 90.5249 1.1279
3461.9000 90.6642 1.1752
3467.0000 90.2361 1.2861
3472.1000 89.3898 1.2889
3477.2000 89.9882 1.1696
3482.3000 90.5971 1.2361
3487.4000 91.0718 1.2252
3492.5000 90.9271 1.1963
3497.6000 91.0317 1.1695
3502.7000 91.1580 1.1237
3507.8000 91.0992 1.0722
3512.9000 91.0628 1.0424
3518.0000 90.9186 1.1578
3523.1000 90.1410 1.3181
3528.2000 90.3448 1.2927
3533.3000 91.1962 1.0811
3538.4000 91.2967 1.0817
3543.5000 91.0635 0.9612
3548.6000 91.6565 0.8891
3553.7000 91.4602 0.9254
3558.8000 91.6317 0.8904
3563.9000 91.4188 0.9348
3569.0000 91.5999 0.9529
3574.1000 91.5949 0.9286
3579.2000 91.2442 1.0267
3584.3000 91.4624 0.9983
3589.4000 91.3471 1.0454
3594.5000 91.2034 1.0161
3599.6000 90.8607 1.1727
